Variables=x,y,u,v,Potential,Velocity,Velocity_B
Zone n=1088,e=2048,f=fepoint,et=triangle
0.500000	0.000000	0.125113	-0.000000	3.992008	0.125113	0.125113
0.497592	0.049009	0.142247	-0.173971	3.987231	0.224722	0.224722
0.490393	0.097545	0.192992	-0.341255	3.972948	0.392048	0.392048
0.478470	0.145142	0.275398	-0.495427	3.949296	0.566826	0.566826
0.461940	0.191342	0.386298	-0.630559	3.916503	0.739480	0.739480
0.440961	0.235698	0.521432	-0.741458	3.874884	0.906450	0.906450
0.415735	0.277785	0.675603	-0.823863	3.824840	1.065453	1.065453
0.386505	0.317197	0.842887	-0.874606	3.766853	1.214658	1.214658
0.353553	0.353553	1.016853	-0.891741	3.701483	1.352476	1.352476
0.317197	0.386505	1.190824	-0.874610	3.629358	1.477499	1.477499
0.277785	0.415735	1.358112	-0.823866	3.551171	1.588466	1.588466
0.235698	0.440961	1.512285	-0.741461	3.467678	1.684271	1.684271
0.191342	0.461940	1.647418	-0.630557	3.379682	1.763970	1.763970
0.145142	0.478470	1.758314	-0.495425	3.288030	1.826777	1.826777
0.097545	0.490393	1.840721	-0.341254	3.193606	1.872087	1.872087
0.049009	0.497592	1.891464	-0.173967	3.097317	1.899447	1.899447
-0.000000	0.500000	1.908595	-0.000000	3.000093	1.908595	1.908595
-0.049009	0.497592	1.891464	0.173967	2.902869	1.899447	1.899447
-0.097545	0.490393	1.840721	0.341254	2.806580	1.872087	1.872087
-0.145142	0.478470	1.758314	0.495426	2.712156	1.826777	1.826777
-0.191342	0.461940	1.647418	0.630557	2.620504	1.763970	1.763970
-0.235698	0.440961	1.512285	0.741461	2.532509	1.684271	1.684271
-0.277785	0.415735	1.358112	0.823866	2.449015	1.588466	1.588466
-0.317197	0.386505	1.190824	0.874610	2.370828	1.477499	1.477499
-0.353553	0.353553	1.016853	0.891741	2.298704	1.352476	1.352476
-0.386505	0.317197	0.842887	0.874606	2.233334	1.214658	1.214658
-0.415735	0.277785	0.675603	0.823863	2.175346	1.065453	1.065453
-0.440961	0.235698	0.521432	0.741458	2.125302	0.906450	0.906450
-0.461940	0.191342	0.386298	0.630558	2.083684	0.739480	0.739480
-0.478470	0.145142	0.275398	0.495426	2.050890	0.566826	0.566826
-0.490393	0.097545	0.192992	0.341255	2.027238	0.392047	0.392047
-0.497592	0.049009	0.142247	0.173970	2.012955	0.224722	0.224722
-0.500000	-0.000000	0.125113	-0.000000	2.008179	0.125113	0.125113
-0.497592	-0.049009	0.142247	-0.173971	2.012955	0.224722	0.224722
-0.490393	-0.097545	0.192992	-0.341256	2.027238	0.392048	0.392048
-0.478470	-0.145142	0.275398	-0.495427	2.050890	0.566826	0.566826
-0.461940	-0.191342	0.386298	-0.630559	2.083684	0.739480	0.739480
-0.440961	-0.235698	0.521432	-0.741458	2.125302	0.906450	0.906450
-0.415735	-0.277785	0.675604	-0.823863	2.175346	1.065453	1.065453
-0.386505	-0.317197	0.842887	-0.874606	2.233334	1.214658	1.214658
-0.353553	-0.353553	1.016853	-0.891741	2.298704	1.352476	1.352476
-0.317197	-0.386505	1.190824	-0.874610	2.370828	1.477499	1.477499
-0.277785	-0.415735	1.358112	-0.823866	2.449015	1.588466	1.588466
-0.235698	-0.440961	1.512285	-0.741459	2.532509	1.684270	1.684270
-0.191342	-0.461940	1.647418	-0.630557	2.620504	1.763970	1.763970
-0.145142	-0.478470	1.758314	-0.495426	2.712156	1.826777	1.826777
-0.097545	-0.490393	1.840721	-0.341254	2.806581	1.872087	1.872087
-0.049009	-0.497592	1.891464	-0.173967	2.902869	1.899447	1.899447
0.000000	-0.500000	1.908595	0.000000	3.000093	1.908595	1.908595
0.049009	-0.497592	1.891464	0.173967	3.097318	1.899447	1.899447
0.097545	-0.490393	1.840722	0.341254	3.193606	1.872087	1.872087
0.145142	-0.478470	1.758314	0.495426	3.288030	1.826777	1.826777
0.191342	-0.461940	1.647418	0.630557	3.379682	1.763970	1.763970
0.235698	-0.440961	1.512285	0.741461	3.467678	1.684271	1.684271
0.277785	-0.415735	1.358112	0.823866	3.551171	1.588466	1.588466
0.317197	-0.386505	1.190824	0.874610	3.629358	1.477499	1.477499
0.353553	-0.353553	1.016853	0.891741	3.701483	1.352476	1.352476
0.386505	-0.317197	0.842887	0.874606	3.766853	1.214658	1.214658
0.415735	-0.277785	0.675603	0.823863	3.824840	1.065453	1.065453
0.440961	-0.235698	0.521432	0.741458	3.874884	0.906450	0.906450
0.461940	-0.191342	0.386298	0.630558	3.916503	0.739480	0.739480
0.478470	-0.145142	0.275398	0.495426	3.949296	0.566826	0.566826
0.490393	-0.097545	0.192992	0.341255	3.972948	0.392047	0.392047
0.497592	-0.049009	0.142247	0.173970	3.987231	0.224722	0.224722
0.560661	0.027543	0.240187	-0.074815	3.997987	0.251569	0.000000
0.555261	0.082365	0.269378	-0.221571	3.988377	0.348796	0.000000
0.544514	0.136394	0.326640	-0.359813	3.969249	0.485961	0.000000
0.528523	0.189109	0.409769	-0.484226	3.940787	0.634339	0.000000
0.507442	0.240002	0.515575	-0.590032	3.903266	0.783553	0.000000
0.481475	0.288585	0.639989	-0.673161	3.857047	0.928833	0.000000
0.450870	0.334388	0.778231	-0.730421	3.802575	1.067314	0.000000
0.415923	0.376971	0.924985	-0.759612	3.740375	1.196915	0.000000
0.376971	0.415923	1.074614	-0.759613	3.671046	1.315982	0.000000
0.334388	0.450870	1.221371	-0.730424	3.595255	1.423118	0.000000
0.288585	0.481475	1.359613	-0.673162	3.513732	1.517134	0.000000
0.240002	0.507442	1.484028	-0.590031	3.427262	1.597021	0.000000
0.189109	0.528523	1.589832	-0.484224	3.336679	1.661939	0.000000
0.136394	0.544514	1.672962	-0.359811	3.242854	1.711218	0.000000
0.082365	0.555261	1.730222	-0.221569	3.146691	1.744352	0.000000
0.027543	0.560661	1.759412	-0.074815	3.049116	1.761002	0.000000
-0.027543	0.560661	1.759412	0.074814	2.951070	1.761002	0.000000
-0.082365	0.555261	1.730222	0.221569	2.853495	1.744352	0.000000
-0.136394	0.544514	1.672962	0.359812	2.757332	1.711218	0.000000
-0.189109	0.528523	1.589832	0.484224	2.663507	1.661939	0.000000
-0.240002	0.507442	1.484028	0.590031	2.572924	1.597021	0.000000
-0.288585	0.481475	1.359613	0.673162	2.486454	1.517134	0.000000
-0.334388	0.450870	1.221371	0.730424	2.404931	1.423118	0.000000
-0.376971	0.415923	1.074614	0.759613	2.329140	1.315982	0.000000
-0.415923	0.376971	0.924985	0.759612	2.259811	1.196915	0.000000
-0.450870	0.334388	0.778231	0.730421	2.197611	1.067314	0.000000
-0.481475	0.288585	0.639989	0.673160	2.143139	0.928833	0.000000
-0.507443	0.240002	0.515575	0.590032	2.096919	0.783553	0.000000
-0.528523	0.189109	0.409769	0.484226	2.059399	0.634338	0.000000
-0.544514	0.136394	0.326639	0.359813	2.030938	0.485961	0.000000
-0.555261	0.082365	0.269378	0.221571	2.011810	0.348796	0.000000
-0.560661	0.027543	0.240187	0.074815	2.002199	0.251569	0.000000
-0.560661	-0.027543	0.240187	-0.074816	2.002199	0.251569	0.000000
-0.555261	-0.082365	0.269378	-0.221571	2.011810	0.348796	0.000000
-0.544514	-0.136394	0.326640	-0.359813	2.030938	0.485961	0.000000
-0.528523	-0.189109	0.409770	-0.484226	2.059399	0.634339	0.000000
-0.507442	-0.240002	0.515576	-0.590031	2.096920	0.783553	0.000000
-0.481475	-0.288585	0.639990	-0.673161	2.143139	0.928834	0.000000
-0.450870	-0.334388	0.778231	-0.730422	2.197611	1.067314	0.000000
-0.415923	-0.376971	0.924985	-0.759612	2.259811	1.196915	0.000000
-0.376971	-0.415923	1.074614	-0.759613	2.329140	1.315982	0.000000
-0.334388	-0.450870	1.221370	-0.730424	2.404931	1.423118	0.000000
-0.288585	-0.481475	1.359613	-0.673162	2.486454	1.517134	0.000000
-0.240002	-0.507443	1.484028	-0.590031	2.572925	1.597021	0.000000
-0.189109	-0.528523	1.589832	-0.484224	2.663507	1.661938	0.000000
-0.136394	-0.544514	1.672962	-0.359811	2.757332	1.711218	0.000000
-0.082365	-0.555261	1.730222	-0.221569	2.853495	1.744351	0.000000
-0.027543	-0.560661	1.759412	-0.074814	2.951070	1.761002	0.000000
0.027544	-0.560661	1.759412	0.074815	3.049117	1.761002	0.000000
0.082365	-0.555261	1.730222	0.221570	3.146691	1.744352	0.000000
0.136394	-0.544514	1.672962	0.359812	3.242854	1.711218	0.000000
0.189109	-0.528523	1.589832	0.484224	3.336679	1.661939	0.000000
0.240002	-0.507442	1.484027	0.590031	3.427262	1.597020	0.000000
0.288585	-0.481475	1.359613	0.673163	3.513732	1.517134	0.000000
0.334388	-0.450870	1.221371	0.730424	3.595255	1.423118	0.000000
0.376971	-0.415923	1.074614	0.759613	3.671046	1.315981	0.000000
0.415923	-0.376971	0.924985	0.759612	3.740375	1.196915	0.000000
0.450870	-0.334388	0.778231	0.730421	3.802575	1.067314	0.000000
0.481475	-0.288585	0.639989	0.673160	3.857047	0.928833	0.000000
0.507443	-0.240002	0.515575	0.590032	3.903267	0.783553	0.000000
0.528523	-0.189109	0.409769	0.484226	3.940787	0.634338	0.000000
0.544514	-0.136394	0.326639	0.359812	3.969249	0.485961	0.000000
0.555261	-0.082365	0.269378	0.221571	3.988377	0.348796	0.000000
0.560661	-0.027543	0.240187	0.074815	3.997987	0.251569	0.000000
0.643593	0.000000	0.421661	-0.000000	4.025118	0.421661	0.000000
0.640494	0.063083	0.432776	-0.112859	4.020183	0.447250	0.000000
0.631226	0.125559	0.465695	-0.221381	4.005423	0.515637	0.000000
0.615880	0.186825	0.519154	-0.321395	3.980981	0.610587	0.000000
0.594602	0.246292	0.591098	-0.409058	3.947093	0.718836	0.000000
0.567598	0.303387	0.678761	-0.481002	3.904085	0.831913	0.000000
0.535128	0.357561	0.778776	-0.534460	3.852370	0.944531	0.000000
0.497504	0.408291	0.887297	-0.567380	3.792448	1.053193	0.000000
0.455089	0.455089	1.000156	-0.578496	3.724895	1.155408	0.000000
0.408291	0.497504	1.113015	-0.567380	3.650362	1.249289	0.000000
0.357561	0.535128	1.221537	-0.534461	3.569567	1.333342	0.000000
0.303387	0.567598	1.321552	-0.481002	3.483286	1.406365	0.000000
0.246292	0.594602	1.409215	-0.409058	3.392353	1.467384	0.000000
0.186825	0.615880	1.481158	-0.321395	3.297642	1.515627	0.000000
0.125559	0.631226	1.534617	-0.221380	3.200066	1.550502	0.000000
0.063083	0.640494	1.567536	-0.112859	3.100563	1.571593	0.000000
-0.000000	0.643593	1.578651	-0.000000	3.000093	1.578651	0.000000
-0.063083	0.640494	1.567536	0.112859	2.899623	1.571593	0.000000
-0.125559	0.631226	1.534617	0.221380	2.800120	1.550502	0.000000
-0.186825	0.615880	1.481158	0.321395	2.702544	1.515627	0.000000
-0.246292	0.594602	1.409215	0.409058	2.607833	1.467384	0.000000
-0.303387	0.567598	1.321552	0.481002	2.516900	1.406365	0.000000
-0.357561	0.535128	1.221537	0.534461	2.430620	1.333342	0.000000
-0.408291	0.497504	1.113015	0.567381	2.349824	1.249289	0.000000
-0.455089	0.455089	1.000156	0.578496	2.275291	1.155408	0.000000
-0.497504	0.408291	0.887297	0.567380	2.207738	1.053193	0.000000
-0.535128	0.357561	0.778776	0.534460	2.147816	0.944531	0.000000
-0.567598	0.303387	0.678761	0.481002	2.096101	0.831913	0.000000
-0.594602	0.246292	0.591097	0.409058	2.053093	0.718836	0.000000
-0.615880	0.186825	0.519154	0.321395	2.019205	0.610587	0.000000
-0.631226	0.125559	0.465695	0.221381	1.994764	0.515637	0.000000
-0.640494	0.063083	0.432776	0.112859	1.980004	0.447250	0.000000
-0.643593	-0.000000	0.421661	-0.000000	1.975068	0.421661	0.000000
-0.640494	-0.063083	0.432776	-0.112859	1.980004	0.447250	0.000000
-0.631226	-0.125559	0.465695	-0.221381	1.994764	0.515637	0.000000
-0.615880	-0.186825	0.519154	-0.321395	2.019205	0.610587	0.000000
-0.594602	-0.246292	0.591098	-0.409059	2.053093	0.718836	0.000000
-0.567598	-0.303388	0.678761	-0.481002	2.096102	0.831913	0.000000
-0.535128	-0.357561	0.778776	-0.534460	2.147816	0.944531	0.000000
-0.497504	-0.408291	0.887297	-0.567380	2.207738	1.053193	0.000000
-0.455089	-0.455089	1.000156	-0.578496	2.275291	1.155409	0.000000
-0.408291	-0.497504	1.113015	-0.567380	2.349824	1.249289	0.000000
-0.357561	-0.535128	1.221537	-0.534461	2.430620	1.333342	0.000000
-0.303387	-0.567598	1.321552	-0.481002	2.516900	1.406365	0.000000
-0.246292	-0.594602	1.409215	-0.409058	2.607833	1.467384	0.000000
-0.186825	-0.615880	1.481158	-0.321395	2.702544	1.515627	0.000000
-0.125559	-0.631226	1.534617	-0.221380	2.800120	1.550503	0.000000
-0.063083	-0.640494	1.567536	-0.112859	2.899623	1.571593	0.000000
0.000000	-0.643593	1.578651	0.000000	3.000093	1.578651	0.000000
0.063083	-0.640494	1.567536	0.112859	3.100563	1.571594	0.000000
0.125559	-0.631226	1.534617	0.221380	3.200066	1.550502	0.000000
0.186825	-0.615880	1.481158	0.321395	3.297642	1.515627	0.000000
0.246292	-0.594602	1.409214	0.409058	3.392353	1.467383	0.000000
0.303388	-0.567598	1.321552	0.481002	3.483287	1.406365	0.000000
0.357561	-0.535128	1.221536	0.534461	3.569567	1.333341	0.000000
0.408291	-0.497504	1.113014	0.567381	3.650362	1.249289	0.000000
0.455089	-0.455089	1.000156	0.578496	3.724895	1.155408	0.000000
0.497504	-0.408291	0.887297	0.567380	3.792448	1.053193	0.000000
0.535128	-0.357561	0.778776	0.534460	3.852370	0.944531	0.000000
0.567598	-0.303387	0.678761	0.481002	3.904085	0.831913	0.000000
0.594602	-0.246292	0.591097	0.409058	3.947093	0.718836	0.000000
0.615880	-0.186825	0.519154	0.321395	3.980981	0.610587	0.000000
0.631226	-0.125559	0.465695	0.221381	4.005423	0.515637	0.000000
0.640494	-0.063083	0.432776	0.112859	4.020183	0.447250	0.000000
0.752994	0.036992	0.582282	-0.041179	4.078004	0.583736	0.000000
0.745742	0.110620	0.598349	-0.121956	4.067623	0.610651	0.000000
0.731308	0.183183	0.629866	-0.198046	4.046961	0.660268	0.000000
0.709832	0.253982	0.675622	-0.266525	4.016217	0.726293	0.000000
0.681519	0.322335	0.733859	-0.324761	3.975687	0.802508	0.000000
0.646643	0.387583	0.802338	-0.370518	3.925763	0.883759	0.000000
0.605540	0.449099	0.878428	-0.402035	3.866923	0.966058	0.000000
0.558604	0.506289	0.959204	-0.418102	3.799735	1.046366	0.000000
0.506289	0.558604	1.041563	-0.418102	3.724846	1.122347	0.000000
0.449099	0.605540	1.122340	-0.402035	3.642978	1.192174	0.000000
0.387583	0.646643	1.198430	-0.370517	3.554918	1.254399	0.000000
0.322334	0.681519	1.266908	-0.324761	3.461514	1.307871	0.000000
0.253982	0.709832	1.325145	-0.266525	3.363668	1.351683	0.000000
0.183183	0.731308	1.370901	-0.198046	3.262320	1.385133	0.000000
0.110620	0.745742	1.402418	-0.121956	3.158446	1.407711	0.000000
0.036992	0.752994	1.418486	-0.041179	3.053047	1.419083	0.000000
-0.036992	0.752994	1.418486	0.041179	2.947139	1.419083	0.000000
-0.110620	0.745742	1.402418	0.121956	2.841741	1.407711	0.000000
-0.183183	0.731308	1.370901	0.198046	2.737867	1.385133	0.000000
-0.253982	0.709832	1.325145	0.266525	2.636518	1.351682	0.000000
-0.322335	0.681519	1.266908	0.324761	2.538671	1.307871	0.000000
-0.387583	0.646643	1.198429	0.370517	2.445268	1.254399	0.000000
-0.449099	0.605539	1.122340	0.402035	2.357208	1.192174	0.000000
-0.506289	0.558604	1.041563	0.418102	2.275340	1.122347	0.000000
-0.558604	0.506289	0.959204	0.418102	2.200451	1.046366	0.000000
-0.605540	0.449099	0.878428	0.402035	2.133263	0.966058	0.000000
-0.646643	0.387583	0.802338	0.370517	2.074424	0.883758	0.000000
-0.681519	0.322334	0.733859	0.324761	2.024498	0.802508	0.000000
-0.709832	0.253982	0.675622	0.266525	1.983969	0.726293	0.000000
-0.731308	0.183183	0.629866	0.198046	1.953226	0.660268	0.000000
-0.745742	0.110620	0.598349	0.121956	1.932564	0.610651	0.000000
-0.752994	0.036992	0.582282	0.041179	1.922183	0.583736	0.000000
-0.752994	-0.036992	0.582282	-0.041179	1.922183	0.583736	0.000000
-0.745742	-0.110620	0.598349	-0.121956	1.932564	0.610651	0.000000
-0.731308	-0.183183	0.629866	-0.198046	1.953226	0.660268	0.000000
-0.709832	-0.253982	0.675622	-0.266525	1.983969	0.726293	0.000000
-0.681519	-0.322335	0.733859	-0.324761	2.024499	0.802508	0.000000
-0.646643	-0.387583	0.802339	-0.370517	2.074424	0.883759	0.000000
-0.605539	-0.449099	0.878428	-0.402035	2.133264	0.966058	0.000000
-0.558604	-0.506290	0.959204	-0.418102	2.200452	1.046366	0.000000
-0.506289	-0.558604	1.041563	-0.418102	2.275340	1.122347	0.000000
-0.449099	-0.605540	1.122340	-0.402035	2.357208	1.192174	0.000000
-0.387583	-0.646643	1.198430	-0.370517	2.445268	1.254399	0.000000
-0.322334	-0.681519	1.266909	-0.324761	2.538672	1.307871	0.000000
-0.253982	-0.709832	1.325145	-0.266525	2.636518	1.351683	0.000000
-0.183183	-0.731308	1.370901	-0.198046	2.737867	1.385133	0.000000
-0.110620	-0.745742	1.402418	-0.121956	2.841741	1.407711	0.000000
-0.036992	-0.752994	1.418486	-0.041179	2.947139	1.419083	0.000000
0.036992	-0.752994	1.418486	0.041179	3.053048	1.419083	0.000000
0.110620	-0.745742	1.402418	0.121956	3.158446	1.407711	0.000000
0.183183	-0.731308	1.370901	0.198046	3.262320	1.385133	0.000000
0.253982	-0.709832	1.325145	0.266525	3.363668	1.351682	0.000000
0.322335	-0.681519	1.266909	0.324761	3.461516	1.307871	0.000000
0.387583	-0.646643	1.198429	0.370517	3.554918	1.254398	0.000000
0.449099	-0.605539	1.122339	0.402035	3.642978	1.192173	0.000000
0.506290	-0.558604	1.041563	0.418102	3.724847	1.122347	0.000000
0.558604	-0.506289	0.959204	0.418102	3.799735	1.046366	0.000000
0.605540	-0.449099	0.878428	0.402035	3.866923	0.966058	0.000000
0.646643	-0.387583	0.802338	0.370517	3.925763	0.883758	0.000000
0.681519	-0.322334	0.733859	0.324761	3.975688	0.802508	0.000000
0.709832	-0.253982	0.675622	0.266525	4.016217	0.726293	0.000000
0.731308	-0.183183	0.629866	0.198046	4.046961	0.660268	0.000000
0.745742	-0.110620	0.598349	0.121956	4.067623	0.610651	0.000000
0.752994	-0.036992	0.582282	0.041179	4.078004	0.583736	0.000000
0.901832	0.000000	0.707829	-0.000000	4.173662	0.707829	0.000000
0.897489	0.088395	0.713454	-0.057100	4.168010	0.715735	0.000000
0.884503	0.175939	0.730109	-0.112006	4.151111	0.738650	0.000000
0.862999	0.261788	0.757155	-0.162607	4.123128	0.774419	0.000000
0.833184	0.345116	0.793554	-0.206960	4.084329	0.820098	0.000000
0.795345	0.425121	0.837907	-0.243359	4.035088	0.872531	0.000000
0.749846	0.501031	0.888508	-0.270406	3.975880	0.928744	0.000000
0.697125	0.572116	0.943414	-0.287061	3.907273	0.986120	0.000000
0.637691	0.637691	1.000514	-0.292685	3.829931	1.042445	0.000000
0.572116	0.697125	1.057614	-0.287061	3.744597	1.095879	0.000000
0.501031	0.749846	1.112519	-0.270406	3.652093	1.144910	0.000000
0.425121	0.795345	1.163121	-0.243359	3.553310	1.188307	0.000000
0.345116	0.833184	1.207473	-0.206959	3.449198	1.225081	0.000000
0.261788	0.862999	1.243873	-0.162607	3.340762	1.254456	0.000000
0.175939	0.884503	1.270919	-0.112005	3.229045	1.275845	0.000000
0.088395	0.897489	1.287574	-0.057100	3.115123	1.288840	0.000000
-0.000000	0.901832	1.293198	0.000000	3.000093	1.293198	0.000000
-0.088395	0.897489	1.287574	0.057100	2.885063	1.288840	0.000000
-0.175939	0.884503	1.270919	0.112005	2.771141	1.275845	0.000000
-0.261788	0.862999	1.243873	0.162607	2.659424	1.254456	0.000000
-0.345116	0.833184	1.207473	0.206959	2.550988	1.225081	0.000000
-0.425121	0.795345	1.163121	0.243359	2.446876	1.188307	0.000000
-0.501031	0.749846	1.112519	0.270406	2.348093	1.144910	0.000000
-0.572116	0.697125	1.057614	0.287061	2.255589	1.095879	0.000000
-0.637691	0.637691	1.000514	0.292685	2.170255	1.042445	0.000000
-0.697125	0.572116	0.943414	0.287061	2.092913	0.986120	0.000000
-0.749846	0.501031	0.888508	0.270406	2.024307	0.928744	0.000000
-0.795345	0.425120	0.837907	0.243359	1.965098	0.872531	0.000000
-0.833184	0.345116	0.793554	0.206959	1.915857	0.820098	0.000000
-0.862999	0.261788	0.757155	0.162607	1.877058	0.774419	0.000000
-0.884503	0.175939	0.730109	0.112006	1.849075	0.738650	0.000000
-0.897489	0.088395	0.713454	0.057100	1.832176	0.715735	0.000000
-0.901832	-0.000000	0.707829	-0.000000	1.826525	0.707829	0.000000
-0.897489	-0.088395	0.713454	-0.057100	1.832176	0.715735	0.000000
-0.884503	-0.175939	0.730109	-0.112006	1.849075	0.738650	0.000000
-0.862999	-0.261788	0.757155	-0.162607	1.877058	0.774419	0.000000
-0.833184	-0.345116	0.793554	-0.206960	1.915857	0.820098	0.000000
-0.795345	-0.425121	0.837907	-0.243359	1.965098	0.872531	0.000000
-0.749846	-0.501031	0.888508	-0.270406	2.024307	0.928744	0.000000
-0.697125	-0.572116	0.943414	-0.287061	2.092913	0.986121	0.000000
-0.637691	-0.637691	1.000514	-0.292685	2.170255	1.042445	0.000000
-0.572116	-0.697125	1.057614	-0.287061	2.255589	1.095879	0.000000
-0.501031	-0.749846	1.112520	-0.270405	2.348093	1.144910	0.000000
-0.425120	-0.795345	1.163121	-0.243359	2.446878	1.188307	0.000000
-0.345116	-0.833184	1.207473	-0.206959	2.550988	1.225081	0.000000
-0.261788	-0.862999	1.243873	-0.162607	2.659424	1.254456	0.000000
-0.175939	-0.884503	1.270919	-0.112005	2.771141	1.275845	0.000000
-0.088395	-0.897489	1.287574	-0.057100	2.885063	1.288840	0.000000
0.000000	-0.901832	1.293198	0.000000	3.000093	1.293198	0.000000
0.088395	-0.897489	1.287574	0.057100	3.115123	1.288840	0.000000
0.175939	-0.884503	1.270919	0.112005	3.229045	1.275845	0.000000
0.261788	-0.862999	1.243873	0.162607	3.340762	1.254456	0.000000
0.345116	-0.833184	1.207473	0.206959	3.449198	1.225081	0.000000
0.425121	-0.795345	1.163121	0.243359	3.553310	1.188307	0.000000
0.501031	-0.749846	1.112520	0.270406	3.652093	1.144910	0.000000
0.572116	-0.697125	1.057614	0.287061	3.744597	1.095879	0.000000
0.637691	-0.637691	1.000514	0.292685	3.829931	1.042445	0.000000
0.697125	-0.572116	0.943414	0.287061	3.907273	0.986120	0.000000
0.749846	-0.501031	0.888508	0.270406	3.975880	0.928744	0.000000
0.795345	-0.425120	0.837907	0.243359	4.035088	0.872531	0.000000
0.833184	-0.345116	0.793554	0.206959	4.084329	0.820098	0.000000
0.862999	-0.261788	0.757155	0.162607	4.123128	0.774419	0.000000
0.884503	-0.175938	0.730109	0.112006	4.151111	0.738650	0.000000
0.897489	-0.088395	0.713454	0.057099	4.168010	0.715735	0.000000
1.098890	0.053985	0.805400	-0.019224	4.321374	0.805630	0.000000
1.088310	0.161435	0.812901	-0.056932	4.308652	0.814892	0.000000
1.067240	0.267330	0.827614	-0.092452	4.283320	0.832762	0.000000
1.035900	0.370651	0.848974	-0.124420	4.245637	0.858043	0.000000
0.994581	0.470402	0.876161	-0.151606	4.195956	0.889181	0.000000
0.943684	0.565623	0.908129	-0.172965	4.134759	0.924454	0.000000
0.883700	0.655396	0.943649	-0.187679	4.062635	0.962131	0.000000
0.815204	0.738858	0.981357	-0.195180	3.980277	1.000578	0.000000
0.738858	0.815204	1.019804	-0.195179	3.888480	1.038314	0.000000
0.655396	0.883700	1.057512	-0.187679	3.788127	1.074037	0.000000
0.565623	0.943684	1.093033	-0.172966	3.680186	1.106633	0.000000
0.470402	0.994581	1.125001	-0.151606	3.565695	1.135170	0.000000
0.370651	1.035900	1.152187	-0.124420	3.445756	1.158885	0.000000
0.267330	1.067240	1.173546	-0.092452	3.321525	1.177182	0.000000
0.161435	1.088310	1.188260	-0.056932	3.194199	1.189623	0.000000
0.053985	1.098890	1.195760	-0.019224	3.065003	1.195915	0.000000
-0.053985	1.098890	1.195760	0.019224	2.935183	1.195915	0.000000
-0.161435	1.088310	1.188260	0.056932	2.805987	1.189623	0.000000
-0.267330	1.067240	1.173546	0.092452	2.678661	1.177182	0.000000
-0.370651	1.035900	1.152187	0.124420	2.554430	1.158885	0.000000
-0.470402	0.994581	1.125001	0.151606	2.434492	1.135170	0.000000
-0.565623	0.943684	1.093033	0.172966	2.320000	1.106633	0.000000
-0.655396	0.883700	1.057512	0.187679	2.212059	1.074037	0.000000
-0.738858	0.815204	1.019804	0.195179	2.111706	1.038314	0.000000
-0.815204	0.738858	0.981357	0.195179	2.019909	1.000578	0.000000
-0.883700	0.655396	0.943649	0.187679	1.937551	0.962131	0.000000
-0.943685	0.565623	0.908128	0.172966	1.865426	0.924454	0.000000
-0.994581	0.470402	0.876161	0.151606	1.804230	0.889180	0.000000
-1.035900	0.370651	0.848974	0.124420	1.754549	0.858043	0.000000
-1.067240	0.267330	0.827614	0.092452	1.716866	0.832762	0.000000
-1.088310	0.161435	0.812901	0.056932	1.691534	0.814892	0.000000
-1.098890	0.053985	0.805400	0.019224	1.678812	0.805630	0.000000
-1.098890	-0.053985	0.805400	-0.019224	1.678812	0.805630	0.000000
-1.088310	-0.161435	0.812901	-0.056932	1.691534	0.814892	0.000000
-1.067240	-0.267330	0.827614	-0.092452	1.716866	0.832762	0.000000
-1.035900	-0.370651	0.848975	-0.124420	1.754549	0.858043	0.000000
-0.994581	-0.470402	0.876161	-0.151606	1.804230	0.889181	0.000000
-0.943684	-0.565623	0.908129	-0.172965	1.865427	0.924454	0.000000
-0.883700	-0.655396	0.943649	-0.187679	1.937551	0.962131	0.000000
-0.815204	-0.738858	0.981357	-0.195179	2.019909	1.000578	0.000000
-0.738858	-0.815204	1.019804	-0.195179	2.111706	1.038314	0.000000
-0.655396	-0.883700	1.057512	-0.187679	2.212059	1.074037	0.000000
-0.565623	-0.943685	1.093033	-0.172966	2.320000	1.106634	0.000000
-0.470402	-0.994581	1.125001	-0.151606	2.434492	1.135170	0.000000
-0.370651	-1.035900	1.152187	-0.124420	2.554430	1.158885	0.000000
-0.267330	-1.067240	1.173546	-0.092452	2.678661	1.177182	0.000000
-0.161435	-1.088310	1.188260	-0.056932	2.805987	1.189623	0.000000
-0.053985	-1.098890	1.195760	-0.019224	2.935183	1.195915	0.000000
0.053985	-1.098890	1.195760	0.019224	3.065004	1.195915	0.000000
0.161435	-1.088310	1.188260	0.056932	3.194199	1.189623	0.000000
0.267330	-1.067240	1.173546	0.092452	3.321525	1.177182	0.000000
0.370651	-1.035900	1.152187	0.124420	3.445756	1.158885	0.000000
0.470402	-0.994581	1.125001	0.151606	3.565695	1.135170	0.000000
0.565623	-0.943684	1.093033	0.172966	3.680186	1.106633	0.000000
0.655396	-0.883700	1.057512	0.187679	3.788127	1.074037	0.000000
0.738858	-0.815204	1.019804	0.195179	3.888480	1.038314	0.000000
0.815204	-0.738858	0.981357	0.195180	3.980277	1.000578	0.000000
0.883700	-0.655396	0.943649	0.187679	4.062635	0.962131	0.000000
0.943685	-0.565623	0.908128	0.172966	4.134760	0.924454	0.000000
0.994581	-0.470402	0.876161	0.151606	4.195956	0.889180	0.000000
1.035900	-0.370651	0.848974	0.124420	4.245637	0.858043	0.000000
1.067240	-0.267330	0.827614	0.092452	4.283320	0.832762	0.000000
1.088310	-0.161435	0.812901	0.056932	4.308652	0.814892	0.000000
1.098890	-0.053985	0.805400	0.019224	4.321374	0.805630	0.000000
1.366250	0.000000	0.873714	-0.000000	4.545719	0.873714	0.000000
1.359670	0.133916	0.876153	-0.024756	4.538275	0.876503	0.000000
1.340000	0.266543	0.883374	-0.048561	4.516022	0.884708	0.000000
1.307420	0.396602	0.895100	-0.070501	4.479165	0.897872	0.000000
1.262250	0.522842	0.910882	-0.089730	4.428065	0.915290	0.000000
1.204930	0.644047	0.930111	-0.105511	4.363218	0.936077	0.000000
1.136000	0.759050	0.952050	-0.117237	4.285238	0.959241	0.000000
1.056130	0.866742	0.975855	-0.124460	4.194882	0.983760	0.000000
0.966087	0.966087	1.000612	-0.126897	4.093018	1.008626	0.000000
0.866742	1.056130	1.025369	-0.124459	3.980629	1.032894	0.000000
0.759049	1.136000	1.049173	-0.117238	3.858798	1.055703	0.000000
0.644047	1.204930	1.071112	-0.105511	3.728697	1.076296	0.000000
0.522842	1.262250	1.090342	-0.089730	3.591579	1.094028	0.000000
0.396602	1.307420	1.106123	-0.070501	3.448765	1.108368	0.000000
0.266543	1.340000	1.117850	-0.048562	3.301631	1.118904	0.000000
0.133916	1.359670	1.125071	-0.024756	3.151591	1.125343	0.000000
-0.000000	1.366250	1.127509	0.000000	3.000093	1.127509	0.000000
-0.133916	1.359670	1.125071	0.024756	2.848595	1.125343	0.000000
-0.266543	1.340000	1.117850	0.048562	2.698556	1.118904	0.000000
-0.396602	1.307420	1.106123	0.070501	2.551421	1.108368	0.000000
-0.522842	1.262250	1.090342	0.089730	2.408607	1.094028	0.000000
-0.644047	1.204930	1.071112	0.105511	2.271489	1.076296	0.000000
-0.759050	1.136000	1.049173	0.117238	2.141388	1.055703	0.000000
-0.866742	1.056130	1.025368	0.124459	2.019557	1.032894	0.000000
-0.966087	0.966087	1.000612	0.126897	1.907168	1.008626	0.000000
-1.056130	0.866742	0.975855	0.124460	1.805304	0.983760	0.000000
-1.136000	0.759049	0.952050	0.117237	1.714948	0.959241	0.000000
-1.204930	0.644047	0.930111	0.105511	1.636968	0.936077	0.000000
-1.262250	0.522842	0.910882	0.089730	1.572121	0.915290	0.000000
-1.307420	0.396602	0.895100	0.070501	1.521021	0.897872	0.000000
-1.340000	0.266543	0.883374	0.048561	1.484164	0.884708	0.000000
-1.359670	0.133916	0.876153	0.024756	1.461911	0.876503	0.000000
-1.366250	-0.000000	0.873714	-0.000000	1.454467	0.873714	0.000000
-1.359670	-0.133916	0.876153	-0.024756	1.461911	0.876503	0.000000
-1.340000	-0.266543	0.883374	-0.048561	1.484164	0.884708	0.000000
-1.307420	-0.396602	0.895100	-0.070501	1.521021	0.897872	0.000000
-1.262250	-0.522843	0.910882	-0.089730	1.572121	0.915290	0.000000
-1.204930	-0.644047	0.930111	-0.105511	1.636968	0.936077	0.000000
-1.136000	-0.759050	0.952050	-0.117237	1.714948	0.959241	0.000000
-1.056130	-0.866742	0.975855	-0.124460	1.805304	0.983760	0.000000
-0.966087	-0.966087	1.000612	-0.126897	1.907168	1.008626	0.000000
-0.866742	-1.056130	1.025369	-0.124459	2.019557	1.032894	0.000000
-0.759049	-1.136000	1.049174	-0.117238	2.141389	1.055704	0.000000
-0.644047	-1.204930	1.071112	-0.105511	2.271489	1.076296	0.000000
-0.522842	-1.262250	1.090342	-0.089730	2.408607	1.094028	0.000000
-0.396602	-1.307420	1.106123	-0.070501	2.551421	1.108368	0.000000
-0.266543	-1.340000	1.117850	-0.048562	2.698556	1.118904	0.000000
-0.133916	-1.359670	1.125071	-0.024756	2.848595	1.125343	0.000000
0.000000	-1.366250	1.127509	0.000000	3.000093	1.127509	0.000000
0.133916	-1.359670	1.125071	0.024756	3.151591	1.125343	0.000000
0.266543	-1.340000	1.117850	0.048562	3.301631	1.118904	0.000000
0.396602	-1.307420	1.106123	0.070501	3.448765	1.108368	0.000000
0.522843	-1.262250	1.090342	0.089730	3.591580	1.094028	0.000000
0.644047	-1.204930	1.071112	0.105511	3.728697	1.076296	0.000000
0.759050	-1.136000	1.049173	0.117238	3.858799	1.055703	0.000000
0.866742	-1.056130	1.025368	0.124459	3.980629	1.032894	0.000000
0.966087	-0.966087	1.000612	0.126897	4.093018	1.008626	0.000000
1.056130	-0.866742	0.975855	0.124459	4.194882	0.983760	0.000000
1.136000	-0.759049	0.952050	0.117238	4.285238	0.959241	0.000000
1.204930	-0.644047	0.930111	0.105511	4.363218	0.936077	0.000000
1.262250	-0.522842	0.910882	0.089730	4.428065	0.915290	0.000000
1.307420	-0.396602	0.895100	0.070501	4.479165	0.897872	0.000000
1.340000	-0.266543	0.883374	0.048561	4.516022	0.884708	0.000000
1.359670	-0.133916	0.876153	0.024756	4.538275	0.876503	0.000000
1.720950	0.084545	0.921365	-0.007807	4.863346	0.921398	0.000000
1.704380	0.252820	0.924411	-0.023119	4.845405	0.924700	0.000000
1.671390	0.418661	0.930386	-0.037544	4.809688	0.931143	0.000000
1.622300	0.580470	0.939060	-0.050525	4.756539	0.940418	0.000000
1.557600	0.736688	0.950100	-0.061565	4.686488	0.952093	0.000000
1.477890	0.885812	0.963081	-0.070239	4.600188	0.965639	0.000000
1.383950	1.026410	0.977506	-0.076214	4.498479	0.980472	0.000000
1.276680	1.157110	0.992819	-0.079260	4.382340	0.995978	0.000000
1.157110	1.276680	1.008431	-0.079260	4.252883	1.011542	0.000000
1.026410	1.383950	1.023745	-0.076214	4.111375	1.026578	0.000000
0.885812	1.477890	1.038169	-0.070239	3.959151	1.040542	0.000000
0.736688	1.557600	1.051150	-0.061565	3.797697	1.052952	0.000000
0.580470	1.622300	1.062190	-0.050525	3.628562	1.063391	0.000000
0.418661	1.671390	1.070865	-0.037544	3.453373	1.071523	0.000000
0.252820	1.704380	1.076839	-0.023119	3.273818	1.077088	0.000000
0.084545	1.720950	1.079885	-0.007806	3.091629	1.079913	0.000000
-0.084545	1.720950	1.079885	0.007806	2.908557	1.079913	0.000000
-0.252820	1.704380	1.076839	0.023119	2.726368	1.077088	0.000000
-0.418661	1.671390	1.070865	0.037544	2.546814	1.071522	0.000000
-0.580470	1.622300	1.062190	0.050525	2.371625	1.063391	0.000000
-0.736688	1.557600	1.051150	0.061565	2.202490	1.052952	0.000000
-0.885812	1.477890	1.038169	0.070239	2.041035	1.040542	0.000000
-1.026410	1.383950	1.023745	0.076214	1.888811	1.026578	0.000000
-1.157110	1.276680	1.008431	0.079260	1.747303	1.011542	0.000000
-1.276680	1.157110	0.992819	0.079260	1.617846	0.995978	0.000000
-1.383950	1.026410	0.977506	0.076214	1.501707	0.980472	0.000000
-1.477890	0.885812	0.963081	0.070239	1.399999	0.965639	0.000000
-1.557600	0.736688	0.950100	0.061565	1.313698	0.952093	0.000000
-1.622300	0.580470	0.939060	0.050525	1.243647	0.940418	0.000000
-1.671390	0.418661	0.930386	0.037544	1.190498	0.931143	0.000000
-1.704380	0.252820	0.924411	0.023119	1.154781	0.924700	0.000000
-1.720950	0.084545	0.921365	0.007807	1.136840	0.921398	0.000000
-1.720950	-0.084545	0.921365	-0.007807	1.136840	0.921398	0.000000
-1.704380	-0.252821	0.924411	-0.023119	1.154781	0.924700	0.000000
-1.671390	-0.418661	0.930386	-0.037544	1.190498	0.931143	0.000000
-1.622300	-0.580470	0.939060	-0.050525	1.243647	0.940418	0.000000
-1.557600	-0.736689	0.950100	-0.061565	1.313698	0.952093	0.000000
-1.477890	-0.885812	0.963081	-0.070239	1.399999	0.965639	0.000000
-1.383950	-1.026410	0.977506	-0.076214	1.501707	0.980472	0.000000
-1.276680	-1.157110	0.992819	-0.079260	1.617846	0.995978	0.000000
-1.157110	-1.276680	1.008432	-0.079260	1.747303	1.011542	0.000000
-1.026400	-1.383950	1.023745	-0.076214	1.888821	1.026578	0.000000
-0.885812	-1.477890	1.038169	-0.070239	2.041035	1.040542	0.000000
-0.736688	-1.557600	1.051150	-0.061565	2.202490	1.052952	0.000000
-0.580470	-1.622300	1.062190	-0.050525	2.371625	1.063391	0.000000
-0.418661	-1.671390	1.070865	-0.037544	2.546814	1.071523	0.000000
-0.252820	-1.704380	1.076839	-0.023119	2.726368	1.077088	0.000000
-0.084545	-1.720950	1.079885	-0.007806	2.908558	1.079913	0.000000
0.084545	-1.720950	1.079885	0.007806	3.091629	1.079913	0.000000
0.252821	-1.704380	1.076839	0.023119	3.273819	1.077088	0.000000
0.418661	-1.671390	1.070865	0.037544	3.453373	1.071522	0.000000
0.580470	-1.622300	1.062190	0.050525	3.628562	1.063391	0.000000
0.736689	-1.557600	1.051150	0.061565	3.797698	1.052952	0.000000
0.885812	-1.477890	1.038169	0.070239	3.959151	1.040542	0.000000
1.026410	-1.383950	1.023745	0.076214	4.111375	1.026578	0.000000
1.157110	-1.276680	1.008431	0.079260	4.252883	1.011542	0.000000
1.276680	-1.157110	0.992819	0.079260	4.382340	0.995977	0.000000
1.383950	-1.026400	0.977506	0.076214	4.498480	0.980472	0.000000
1.477890	-0.885812	0.963081	0.070239	4.600188	0.965639	0.000000
1.557600	-0.736688	0.950100	0.061565	4.686488	0.952093	0.000000
1.622300	-0.580470	0.939060	0.050525	4.756539	0.940418	0.000000
1.671390	-0.418661	0.930386	0.037544	4.809688	0.931143	0.000000
1.704380	-0.252820	0.924411	0.023119	4.845405	0.924700	0.000000
1.720950	-0.084545	0.921365	0.007807	4.863346	0.921398	0.000000
2.201480	0.000000	0.951913	-0.000000	5.313513	0.951913	0.000000
2.190870	0.215782	0.952849	-0.009504	5.302364	0.952896	0.000000
2.159170	0.429487	0.955621	-0.018643	5.269052	0.955803	0.000000
2.106680	0.639055	0.960123	-0.027066	5.213893	0.960504	0.000000
2.033900	0.842468	0.966182	-0.034449	5.137412	0.966796	0.000000
1.941530	1.037770	0.973564	-0.040507	5.040345	0.974407	0.000000
1.830460	1.223070	0.981987	-0.045010	4.923628	0.983018	0.000000
1.701760	1.396600	0.991126	-0.047782	4.788384	0.992277	0.000000
1.556680	1.556680	1.000631	-0.048718	4.635926	1.001816	0.000000
1.396600	1.701760	1.010135	-0.047782	4.467707	1.011264	0.000000
1.223070	1.830460	1.019274	-0.045009	4.285353	1.020267	0.000000
1.037770	1.941530	1.027697	-0.040507	4.090631	1.028495	0.000000
0.842468	2.033900	1.035079	-0.034449	3.885398	1.035652	0.000000
0.639054	2.106680	1.041138	-0.027066	3.671641	1.041490	0.000000
0.429486	2.159170	1.045640	-0.018643	3.451417	1.045806	0.000000
0.215782	2.190870	1.048412	-0.009504	3.226847	1.048455	0.000000
-0.000000	2.201480	1.049348	0.000000	3.000093	1.049348	0.000000
-0.215782	2.190870	1.048412	0.009504	2.773339	1.048455	0.000000
-0.429487	2.159170	1.045640	0.018644	2.548768	1.045806	0.000000
-0.639055	2.106680	1.041138	0.027066	2.328544	1.041490	0.000000
-0.842468	2.033900	1.035079	0.034449	2.114788	1.035652	0.000000
-1.037770	1.941530	1.027697	0.040507	1.909555	1.028495	0.000000
-1.223070	1.830460	1.019274	0.045009	1.714833	1.020267	0.000000
-1.396600	1.701760	1.010135	0.047782	1.532479	1.011264	0.000000
-1.556680	1.556680	1.000631	0.048718	1.364260	1.001816	0.000000
-1.701760	1.396600	0.991126	0.047782	1.211802	0.992277	0.000000
-1.830460	1.223070	0.981987	0.045010	1.076558	0.983018	0.000000
-1.941530	1.037770	0.973564	0.040507	0.959841	0.974407	0.000000
-2.033900	0.842468	0.966182	0.034449	0.862774	0.966796	0.000000
-2.106680	0.639054	0.960123	0.027066	0.786293	0.960504	0.000000
-2.159170	0.429486	0.955621	0.018643	0.731134	0.955803	0.000000
-2.190870	0.215782	0.952849	0.009504	0.697822	0.952896	0.000000
-2.201480	-0.000000	0.951913	-0.000000	0.686674	0.951913	0.000000
-2.190870	-0.215783	0.952849	-0.009504	0.697822	0.952896	0.000000
-2.159170	-0.429487	0.955621	-0.018643	0.731134	0.955803	0.000000
-2.106680	-0.639055	0.960123	-0.027066	0.786294	0.960504	0.000000
-2.033900	-0.842468	0.966182	-0.034449	0.862774	0.966796	0.000000
-1.941530	-1.037770	0.973564	-0.040507	0.959841	0.974407	0.000000
-1.830460	-1.223070	0.981987	-0.045010	1.076558	0.983018	0.000000
-1.701760	-1.396600	0.991126	-0.047782	1.211802	0.992277	0.000000
-1.556680	-1.556680	1.000631	-0.048718	1.364260	1.001816	0.000000
-1.396600	-1.701760	1.010135	-0.047782	1.532479	1.011264	0.000000
-1.223070	-1.830460	1.019274	-0.045009	1.714833	1.020267	0.000000
-1.037770	-1.941530	1.027697	-0.040507	1.909555	1.028495	0.000000
-0.842468	-2.033900	1.035079	-0.034449	2.114788	1.035652	0.000000
-0.639054	-2.106680	1.041138	-0.027066	2.328545	1.041490	0.000000
-0.429486	-2.159170	1.045640	-0.018643	2.548769	1.045806	0.000000
-0.215782	-2.190870	1.048412	-0.009504	2.773339	1.048455	0.000000
0.000000	-2.201480	1.049348	0.000000	3.000093	1.049348	0.000000
0.215783	-2.190870	1.048412	0.009504	3.226848	1.048455	0.000000
0.429487	-2.159170	1.045640	0.018644	3.451419	1.045806	0.000000
0.639055	-2.106680	1.041138	0.027066	3.671642	1.041490	0.000000
0.842468	-2.033900	1.035079	0.034449	3.885398	1.035652	0.000000
1.037770	-1.941530	1.027697	0.040507	4.090631	1.028495	0.000000
1.223070	-1.830460	1.019274	0.045009	4.285353	1.020267	0.000000
1.396600	-1.701760	1.010135	0.047782	4.467707	1.011264	0.000000
1.556680	-1.556680	1.000631	0.048718	4.635926	1.001816	0.000000
1.701760	-1.396600	0.991126	0.047782	4.788384	0.992277	0.000000
1.830460	-1.223070	0.981987	0.045009	4.923628	0.983018	0.000000
1.941530	-1.037770	0.973564	0.040507	5.040345	0.974407	0.000000
2.033900	-0.842468	0.966182	0.034449	5.137412	0.966796	0.000000
2.106680	-0.639054	0.960123	0.027066	5.213893	0.960504	0.000000
2.159170	-0.429486	0.955621	0.018643	5.269052	0.955803	0.000000
2.190870	-0.215782	0.952849	0.009504	5.302364	0.952896	0.000000
2.839680	0.139504	0.971595	-0.002860	5.926995	0.971599	0.000000
2.812330	0.417170	0.972711	-0.008470	5.898805	0.972748	0.000000
2.757900	0.690817	0.974900	-0.013754	5.842703	0.974997	0.000000
2.676900	0.957812	0.978078	-0.018510	5.759215	0.978253	0.000000
2.570130	1.215580	0.982122	-0.022555	5.649166	0.982381	0.000000
2.438610	1.461650	0.986878	-0.025732	5.513606	0.987214	0.000000
2.283600	1.693630	0.992163	-0.027921	5.353835	0.992555	0.000000
2.106600	1.909310	0.997773	-0.029037	5.171398	0.998195	0.000000
1.909310	2.106600	1.003492	-0.029037	4.968048	1.003912	0.000000
1.693630	2.283600	1.009102	-0.027921	4.745744	1.009489	0.000000
1.461650	2.438610	1.014387	-0.025733	4.506638	1.014713	0.000000
1.215580	2.570130	1.019143	-0.022555	4.253010	1.019392	0.000000
0.957812	2.676900	1.023187	-0.018510	3.987325	1.023355	0.000000
0.690817	2.757900	1.026365	-0.013754	3.712129	1.026457	0.000000
0.417169	2.812330	1.028554	-0.008470	3.430076	1.028589	0.000000
0.139504	2.839680	1.029670	-0.002860	3.143882	1.029674	0.000000
-0.139504	2.839680	1.029670	0.002860	2.856304	1.029674	0.000000
-0.417170	2.812330	1.028554	0.008470	2.570110	1.028589	0.000000
-0.690817	2.757900	1.026365	0.013754	2.288057	1.026457	0.000000
-0.957812	2.676900	1.023187	0.018510	2.012861	1.023355	0.000000
-1.215580	2.570130	1.019143	0.022555	1.747176	1.019392	0.000000
-1.461650	2.438610	1.014387	0.025733	1.493548	1.014713	0.000000
-1.693630	2.283600	1.009102	0.027921	1.254443	1.009489	0.000000
-1.909310	2.106600	1.003492	0.029037	1.032138	1.003912	0.000000
-2.106600	1.909310	0.997773	0.029037	0.828788	0.998195	0.000000
-2.283600	1.693630	0.992163	0.027921	0.646351	0.992555	0.000000
-2.438610	1.461650	0.986878	0.025732	0.486581	0.987214	0.000000
-2.570130	1.215580	0.982122	0.022555	0.351021	0.982381	0.000000
-2.676900	0.957812	0.978078	0.018510	0.240971	0.978253	0.000000
-2.757900	0.690817	0.974900	0.013754	0.157484	0.974997	0.000000
-2.812330	0.417169	0.972711	0.008470	0.101382	0.972748	0.000000
-2.839680	0.139504	0.971595	0.002860	0.073192	0.971599	0.000000
-2.839680	-0.139505	0.971595	-0.002860	0.073192	0.971599	0.000000
-2.812330	-0.417170	0.972711	-0.008470	0.101382	0.972748	0.000000
-2.757900	-0.690817	0.974900	-0.013754	0.157484	0.974997	0.000000
-2.676900	-0.957812	0.978078	-0.018510	0.240971	0.978253	0.000000
-2.570130	-1.215580	0.982122	-0.022555	0.351021	0.982381	0.000000
-2.438610	-1.461650	0.986878	-0.025732	0.486581	0.987214	0.000000
-2.283600	-1.693630	0.992163	-0.027921	0.646351	0.992555	0.000000
-2.106600	-1.909310	0.997773	-0.029037	0.828788	0.998195	0.000000
-1.909310	-2.106600	1.003492	-0.029037	1.032138	1.003912	0.000000
-1.693630	-2.283600	1.009102	-0.027921	1.254443	1.009489	0.000000
-1.461650	-2.438610	1.014387	-0.025733	1.493548	1.014713	0.000000
-1.215580	-2.570130	1.019143	-0.022555	1.747176	1.019392	0.000000
-0.957811	-2.676900	1.023187	-0.018510	2.012863	1.023355	0.000000
-0.690817	-2.757900	1.026365	-0.013754	2.288057	1.026457	0.000000
-0.417169	-2.812330	1.028554	-0.008470	2.570111	1.028589	0.000000
-0.139504	-2.839680	1.029670	-0.002860	2.856304	1.029674	0.000000
0.139505	-2.839680	1.029670	0.002860	3.143883	1.029674	0.000000
0.417170	-2.812330	1.028554	0.008470	3.430077	1.028589	0.000000
0.690817	-2.757900	1.026365	0.013754	3.712129	1.026457	0.000000
0.957812	-2.676900	1.023187	0.018510	3.987325	1.023355	0.000000
1.215580	-2.570130	1.019143	0.022555	4.253010	1.019392	0.000000
1.461650	-2.438610	1.014387	0.025733	4.506638	1.014713	0.000000
1.693630	-2.283600	1.009102	0.027921	4.745744	1.009489	0.000000
1.909310	-2.106600	1.003492	0.029037	4.968048	1.003912	0.000000
2.106600	-1.909310	0.997773	0.029037	5.171398	0.998195	0.000000
2.283600	-1.693630	0.992163	0.027921	5.353835	0.992555	0.000000
2.438610	-1.461650	0.986878	0.025733	5.513606	0.987214	0.000000
2.570130	-1.215580	0.982122	0.022555	5.649166	0.982381	0.000000
2.676900	-0.957811	0.978078	0.018510	5.759215	0.978253	0.000000
2.757900	-0.690817	0.974900	0.013754	5.842703	0.974997	0.000000
2.812330	-0.417169	0.972711	0.008470	5.898805	0.972748	0.000000
2.839680	-0.139504	0.971595	0.002860	5.926995	0.971599	0.000000
3.703550	0.000000	0.983453	-0.000000	6.771600	0.983453	0.000000
3.685720	0.363012	0.983783	-0.003352	6.753443	0.983789	0.000000
3.632390	0.722527	0.984761	-0.006575	6.699134	0.984783	0.000000
3.544080	1.075080	0.986348	-0.009545	6.609204	0.986394	0.000000
3.421640	1.417290	0.988485	-0.012148	6.484517	0.988559	0.000000
3.266240	1.745840	0.991088	-0.014285	6.326266	0.991191	0.000000
3.079390	2.057580	0.994059	-0.015873	6.135987	0.994185	0.000000
2.862880	2.349510	0.997281	-0.016850	5.915504	0.997424	0.000000
2.618810	2.618810	1.000633	-0.017180	5.666956	1.000781	0.000000
2.349510	2.862880	1.003985	-0.016850	5.392714	1.004126	0.000000
2.057580	3.079390	1.007208	-0.015873	5.095428	1.007333	0.000000
1.745840	3.266240	1.010178	-0.014285	4.777968	1.010279	0.000000
1.417290	3.421640	1.012782	-0.012148	4.443389	1.012854	0.000000
1.075080	3.544080	1.014918	-0.009545	4.094900	1.014963	0.000000
0.722527	3.632390	1.016506	-0.006575	3.735878	1.016527	0.000000
0.363011	3.685720	1.017483	-0.003352	3.369765	1.017489	0.000000
-0.000000	3.703550	1.017814	0.000000	3.000093	1.017814	0.000000
-0.363012	3.685720	1.017483	0.003352	2.630420	1.017489	0.000000
-0.722527	3.632390	1.016506	0.006575	2.264308	1.016527	0.000000
-1.075080	3.544080	1.014918	0.009545	1.905286	1.014963	0.000000
-1.417290	3.421640	1.012782	0.012148	1.556797	1.012854	0.000000
-1.745840	3.266240	1.010178	0.014285	1.222219	1.010279	0.000000
-2.057580	3.079390	1.007208	0.015873	0.904758	1.007333	0.000000
-2.349510	2.862880	1.003985	0.016850	0.607472	1.004126	0.000000
-2.618810	2.618810	1.000633	0.017180	0.333230	1.000781	0.000000
-2.862880	2.349510	0.997281	0.016850	0.084682	0.997424	0.000000
-3.079390	2.057580	0.994059	0.015873	-0.135801	0.994185	0.000000
-3.266240	1.745840	0.991088	0.014285	-0.326079	0.991191	0.000000
-3.421640	1.417290	0.988485	0.012148	-0.484331	0.988559	0.000000
-3.544080	1.075080	0.986348	0.009545	-0.609017	0.986394	0.000000
-3.632390	0.722527	0.984761	0.006575	-0.698948	0.984783	0.000000
-3.685720	0.363011	0.983783	0.003352	-0.753256	0.983789	0.000000
-3.703550	-0.000000	0.983453	-0.000000	-0.771414	0.983453	0.000000
-3.685720	-0.363012	0.983783	-0.003352	-0.753256	0.983789	0.000000
-3.632390	-0.722528	0.984761	-0.006575	-0.698948	0.984783	0.000000
-3.544080	-1.075080	0.986348	-0.009545	-0.609017	0.986394	0.000000
-3.421640	-1.417290	0.988485	-0.012148	-0.484331	0.988559	0.000000
-3.266240	-1.745840	0.991088	-0.014285	-0.326079	0.991191	0.000000
-3.079390	-2.057580	0.994059	-0.015873	-0.135801	0.994185	0.000000
-2.862880	-2.349510	0.997281	-0.016850	0.084682	0.997424	0.000000
-2.618810	-2.618810	1.000633	-0.017180	0.333230	1.000781	0.000000
-2.349510	-2.862880	1.003985	-0.016850	0.607472	1.004126	0.000000
-2.057580	-3.079390	1.007208	-0.015873	0.904758	1.007333	0.000000
-1.745840	-3.266240	1.010178	-0.014285	1.222219	1.010279	0.000000
-1.417290	-3.421640	1.012782	-0.012148	1.556797	1.012854	0.000000
-1.075080	-3.544080	1.014918	-0.009545	1.905286	1.014963	0.000000
-0.722527	-3.632390	1.016506	-0.006575	2.264308	1.016527	0.000000
-0.363011	-3.685720	1.017483	-0.003352	2.630421	1.017489	0.000000
0.000000	-3.703550	1.017814	0.000000	3.000094	1.017814	0.000000
0.363012	-3.685720	1.017483	0.003352	3.369766	1.017489	0.000000
0.722528	-3.632390	1.016506	0.006575	3.735879	1.016527	0.000000
1.075080	-3.544080	1.014918	0.009545	4.094900	1.014963	0.000000
1.417290	-3.421640	1.012782	0.012148	4.443389	1.012854	0.000000
1.745840	-3.266240	1.010178	0.014285	4.777968	1.010279	0.000000
2.057580	-3.079390	1.007208	0.015873	5.095428	1.007333	0.000000
2.349510	-2.862880	1.003985	0.016850	5.392714	1.004126	0.000000
2.618810	-2.618810	1.000633	0.017180	5.666956	1.000781	0.000000
2.862880	-2.349510	0.997281	0.016850	5.915504	0.997424	0.000000
3.079390	-2.057580	0.994059	0.015873	6.135987	0.994185	0.000000
3.266240	-1.745840	0.991088	0.014285	6.326266	0.991191	0.000000
3.421640	-1.417290	0.988485	0.012148	6.484517	0.988559	0.000000
3.544080	-1.075080	0.986348	0.009545	6.609204	0.986394	0.000000
3.632390	-0.722527	0.984761	0.006575	6.699134	0.984783	0.000000
3.685720	-0.363011	0.983783	0.003352	6.753443	0.983789	0.000000
4.851610	0.238344	0.990701	-0.000978	7.904714	0.990701	0.000000
4.804890	0.712738	0.991082	-0.002897	7.857483	0.991087	0.000000
4.711890	1.180270	0.991831	-0.004705	7.763467	0.991842	0.000000
4.573510	1.636430	0.992918	-0.006332	7.623575	0.992938	0.000000
4.391090	2.076830	0.994302	-0.007715	7.439162	0.994332	0.000000
4.166380	2.497230	0.995928	-0.008802	7.211997	0.995967	0.000000
3.901550	2.893590	0.997736	-0.009551	6.944273	0.997782	0.000000
3.599140	3.262070	0.999655	-0.009933	6.638559	0.999704	0.000000
3.262070	3.599140	1.001612	-0.009933	6.297806	1.001661	0.000000
2.893590	3.901550	1.003531	-0.009551	5.925300	1.003576	0.000000
2.497230	4.166380	1.005338	-0.008802	5.524609	1.005377	0.000000
2.076830	4.391090	1.006965	-0.007715	5.099615	1.006995	0.000000
1.636430	4.573510	1.008349	-0.006332	4.654403	1.008369	0.000000
1.180270	4.711890	1.009436	-0.004705	4.193259	1.009447	0.000000
0.712737	4.804890	1.010185	-0.002897	3.720618	1.010189	0.000000
0.238344	4.851610	1.010566	-0.000978	3.241041	1.010567	0.000000
-0.238345	4.851610	1.010566	0.000978	2.759144	1.010567	0.000000
-0.712738	4.804890	1.010185	0.002897	2.279567	1.010189	0.000000
-1.180270	4.711890	1.009436	0.004705	1.806927	1.009447	0.000000
-1.636430	4.573510	1.008349	0.006332	1.345783	1.008369	0.000000
-2.076830	4.391090	1.006965	0.007715	0.900571	1.006995	0.000000
-2.497230	4.166380	1.005338	0.008802	0.475577	1.005377	0.000000
-2.893590	3.901550	1.003531	0.009551	0.074887	1.003576	0.000000
-3.262070	3.599140	1.001612	0.009933	-0.297620	1.001661	0.000000
-3.599140	3.262070	0.999655	0.009933	-0.638373	0.999704	0.000000
-3.901550	2.893590	0.997736	0.009551	-0.944087	0.997782	0.000000
-4.166380	2.497230	0.995928	0.008802	-1.211810	0.995967	0.000000
-4.391090	2.076830	0.994302	0.007715	-1.438976	0.994332	0.000000
-4.573510	1.636430	0.992918	0.006332	-1.623389	0.992938	0.000000
-4.711890	1.180270	0.991831	0.004705	-1.763281	0.991842	0.000000
-4.804890	0.712737	0.991082	0.002897	-1.857297	0.991087	0.000000
-4.851610	0.238344	0.990701	0.000978	-1.904527	0.990701	0.000000
-4.851610	-0.238345	0.990701	-0.000978	-1.904527	0.990701	0.000000
-4.804890	-0.712738	0.991082	-0.002897	-1.857297	0.991087	0.000000
-4.711890	-1.180270	0.991831	-0.004705	-1.763281	0.991842	0.000000
-4.573510	-1.636430	0.992918	-0.006332	-1.623389	0.992938	0.000000
-4.391090	-2.076830	0.994302	-0.007715	-1.438976	0.994332	0.000000
-4.166380	-2.497230	0.995928	-0.008802	-1.211810	0.995967	0.000000
-3.901550	-2.893590	0.997736	-0.009551	-0.944087	0.997782	0.000000
-3.599140	-3.262070	0.999655	-0.009933	-0.638373	0.999704	0.000000
-3.262070	-3.599140	1.001612	-0.009933	-0.297620	1.001661	0.000000
-2.893590	-3.901550	1.003531	-0.009551	0.074887	1.003576	0.000000
-2.497230	-4.166380	1.005338	-0.008802	0.475577	1.005377	0.000000
-2.076830	-4.391090	1.006965	-0.007715	0.900571	1.006995	0.000000
-1.636430	-4.573510	1.008349	-0.006332	1.345783	1.008369	0.000000
-1.180270	-4.711890	1.009436	-0.004705	1.806927	1.009447	0.000000
-0.712737	-4.804890	1.010185	-0.002897	2.279568	1.010189	0.000000
-0.238344	-4.851610	1.010566	-0.000978	2.759145	1.010567	0.000000
0.238345	-4.851610	1.010566	0.000978	3.241042	1.010567	0.000000
0.712738	-4.804890	1.010185	0.002897	3.720619	1.010189	0.000000
1.180270	-4.711890	1.009436	0.004705	4.193259	1.009447	0.000000
1.636430	-4.573510	1.008349	0.006332	4.654403	1.008369	0.000000
2.076830	-4.391090	1.006965	0.007715	5.099615	1.006995	0.000000
2.497230	-4.166380	1.005338	0.008802	5.524609	1.005377	0.000000
2.893590	-3.901550	1.003531	0.009551	5.925300	1.003576	0.000000
3.262070	-3.599140	1.001612	0.009933	6.297806	1.001661	0.000000
3.599140	-3.262070	0.999655	0.009933	6.638559	0.999704	0.000000
3.901550	-2.893590	0.997736	0.009551	6.944273	0.997782	0.000000
4.166380	-2.497230	0.995928	0.008802	7.211997	0.995967	0.000000
4.391090	-2.076830	0.994302	0.007715	7.439162	0.994332	0.000000
4.573510	-1.636430	0.992918	0.006332	7.623575	0.992938	0.000000
4.711890	-1.180270	0.991831	0.004705	7.763467	0.991842	0.000000
4.804890	-0.712737	0.991082	0.002897	7.857483	0.991087	0.000000
4.851610	-0.238343	0.990701	0.000978	7.904714	0.990701	0.000000
6.404910	0.000000	0.994896	-0.000000	9.446962	0.994896	0.000000
6.374070	0.627791	0.995006	-0.001119	9.415920	0.995007	0.000000
6.281840	1.249540	0.995332	-0.002196	9.323086	0.995335	0.000000
6.129120	1.859250	0.995863	-0.003188	9.169365	0.995868	0.000000
5.917370	2.451050	0.996576	-0.004057	8.956228	0.996584	0.000000
5.648630	3.019250	0.997446	-0.004771	8.685728	0.997457	0.000000
5.325490	3.558380	0.998438	-0.005301	8.360471	0.998452	0.000000
4.951060	4.063230	0.999514	-0.005628	7.983588	0.999530	0.000000
4.528960	4.528960	1.000634	-0.005738	7.558723	1.000650	0.000000
4.063230	4.951060	1.001753	-0.005628	7.089942	1.001769	0.000000
3.558380	5.325490	1.002829	-0.005301	6.581784	1.002843	0.000000
3.019250	5.648630	1.003821	-0.004771	6.039122	1.003833	0.000000
2.451050	5.917370	1.004691	-0.004057	5.467200	1.004699	0.000000
1.859250	6.129120	1.005404	-0.003188	4.871523	1.005409	0.000000
1.249540	6.281840	1.005935	-0.002196	4.257819	1.005937	0.000000
0.627791	6.374070	1.006261	-0.001119	3.631997	1.006262	0.000000
-0.000000	6.404910	1.006371	0.000000	3.000093	1.006371	0.000000
-0.627791	6.374070	1.006261	0.001119	2.368189	1.006262	0.000000
-1.249540	6.281840	1.005935	0.002196	1.742367	1.005937	0.000000
-1.859250	6.129120	1.005404	0.003188	1.128663	1.005409	0.000000
-2.451050	5.917370	1.004691	0.004057	0.532986	1.004699	0.000000
-3.019250	5.648630	1.003821	0.004771	-0.038936	1.003833	0.000000
-3.558380	5.325490	1.002829	0.005301	-0.581598	1.002843	0.000000
-4.063230	4.951060	1.001753	0.005628	-1.089756	1.001769	0.000000
-4.528960	4.528960	1.000634	0.005738	-1.558537	1.000650	0.000000
-4.951060	4.063230	0.999514	0.005628	-1.983402	0.999530	0.000000
-5.325490	3.558380	0.998438	0.005301	-2.360285	0.998452	0.000000
-5.648630	3.019250	0.997446	0.004771	-2.685542	0.997457	0.000000
-5.917370	2.451050	0.996576	0.004057	-2.956042	0.996584	0.000000
-6.129120	1.859250	0.995863	0.003188	-3.169179	0.995868	0.000000
-6.281840	1.249540	0.995332	0.002196	-3.322900	0.995335	0.000000
-6.374070	0.627790	0.995006	0.001119	-3.415734	0.995007	0.000000
-6.404910	-0.000001	0.994896	-0.000000	-3.446776	0.994896	0.000000
-6.374070	-0.627792	0.995006	-0.001119	-3.415734	0.995007	0.000000
-6.281840	-1.249540	0.995332	-0.002196	-3.322900	0.995335	0.000000
-6.129120	-1.859250	0.995863	-0.003188	-3.169179	0.995868	0.000000
-5.917370	-2.451050	0.996576	-0.004057	-2.956042	0.996584	0.000000
-5.648630	-3.019250	0.997446	-0.004771	-2.685542	0.997457	0.000000
-5.325490	-3.558380	0.998438	-0.005301	-2.360285	0.998452	0.000000
-4.951060	-4.063230	0.999514	-0.005628	-1.983402	0.999530	0.000000
-4.528960	-4.528960	1.000634	-0.005738	-1.558537	1.000650	0.000000
-4.063230	-4.951060	1.001753	-0.005628	-1.089756	1.001769	0.000000
-3.558380	-5.325490	1.002829	-0.005301	-0.581598	1.002843	0.000000
-3.019250	-5.648630	1.003821	-0.004771	-0.038936	1.003833	0.000000
-2.451050	-5.917370	1.004691	-0.004057	0.532986	1.004699	0.000000
-1.859250	-6.129120	1.005404	-0.003188	1.128663	1.005409	0.000000
-1.249540	-6.281840	1.005935	-0.002196	1.742367	1.005937	0.000000
-0.627790	-6.374070	1.006261	-0.001119	2.368190	1.006262	0.000000
0.000001	-6.404910	1.006371	0.000000	3.000094	1.006371	0.000000
0.627792	-6.374070	1.006261	0.001119	3.631998	1.006262	0.000000
1.249540	-6.281840	1.005935	0.002196	4.257819	1.005937	0.000000
1.859250	-6.129120	1.005404	0.003188	4.871523	1.005409	0.000000
2.451050	-5.917370	1.004691	0.004057	5.467200	1.004699	0.000000
3.019250	-5.648630	1.003821	0.004771	6.039122	1.003833	0.000000
3.558380	-5.325490	1.002829	0.005301	6.581784	1.002843	0.000000
4.063230	-4.951060	1.001753	0.005628	7.089942	1.001769	0.000000
4.528960	-4.528950	1.000634	0.005738	7.558723	1.000650	0.000000
4.951060	-4.063230	0.999514	0.005628	7.983588	0.999530	0.000000
5.325490	-3.558380	0.998438	0.005301	8.360471	0.998452	0.000000
5.648630	-3.019250	0.997446	0.004771	8.685728	0.997457	0.000000
5.917370	-2.451050	0.996576	0.004057	8.956228	0.996584	0.000000
6.129120	-1.859250	0.995863	0.003188	9.169365	0.995868	0.000000
6.281840	-1.249530	0.995332	0.002196	9.323086	0.995335	0.000000
6.374070	-0.627790	0.995006	0.001119	9.415920	0.995007	0.000000
8.469900	0.416100	0.997377	-0.000321	11.503942	0.997377	0.000000
8.388330	1.244290	0.997502	-0.000950	11.422045	0.997503	0.000000
8.225980	2.060500	0.997748	-0.001542	11.259044	0.997749	0.000000
7.984400	2.856870	0.998104	-0.002076	11.016496	0.998106	0.000000
7.665940	3.625720	0.998558	-0.002529	10.696759	0.998561	0.000000
7.273640	4.359650	0.999091	-0.002886	10.302887	0.999095	0.000000
6.811290	5.051600	0.999684	-0.003131	9.838684	0.999689	0.000000
6.283350	5.694900	1.000313	-0.003256	9.308628	1.000318	0.000000
5.694900	6.283350	1.000954	-0.003256	8.717819	1.000960	0.000000
5.051600	6.811290	1.001583	-0.003131	8.071941	1.001588	0.000000
4.359650	7.273640	1.002176	-0.002886	7.377217	1.002180	0.000000
3.625720	7.665940	1.002709	-0.002529	6.640345	1.002712	0.000000
2.856870	7.984400	1.003163	-0.002076	5.868414	1.003165	0.000000
2.060500	8.225980	1.003519	-0.001542	5.068852	1.003520	0.000000
1.244290	8.388330	1.003765	-0.000950	4.249370	1.003765	0.000000
0.416099	8.469900	1.003890	-0.000321	3.417860	1.003890	0.000000
-0.416100	8.469900	1.003890	0.000321	2.582325	1.003890	0.000000
-1.244290	8.388330	1.003765	0.000950	1.750816	1.003765	0.000000
-2.060500	8.225980	1.003519	0.001542	0.931334	1.003520	0.000000
-2.856870	7.984400	1.003163	0.002076	0.131772	1.003165	0.000000
-3.625720	7.665940	1.002709	0.002529	-0.640159	1.002712	0.000000
-4.359650	7.273640	1.002176	0.002886	-1.377031	1.002180	0.000000
-5.051600	6.811290	1.001583	0.003131	-2.071754	1.001588	0.000000
-5.694900	6.283350	1.000954	0.003256	-2.717633	1.000960	0.000000
-6.283350	5.694900	1.000313	0.003256	-3.308441	1.000318	0.000000
-6.811290	5.051600	0.999684	0.003131	-3.838497	0.999689	0.000000
-7.273640	4.359650	0.999091	0.002886	-4.302701	0.999095	0.000000
-7.665940	3.625720	0.998558	0.002529	-4.696573	0.998561	0.000000
-7.984400	2.856860	0.998104	0.002076	-5.016309	0.998106	0.000000
-8.225980	2.060500	0.997748	0.001542	-5.258858	0.997749	0.000000
-8.388330	1.244290	0.997502	0.000950	-5.421858	0.997503	0.000000
-8.469900	0.416099	0.997377	0.000321	-5.503755	0.997377	0.000000
-8.469900	-0.416100	0.997377	-0.000321	-5.503755	0.997377	0.000000
-8.388330	-1.244290	0.997502	-0.000950	-5.421858	0.997503	0.000000
-8.225980	-2.060500	0.997748	-0.001542	-5.258858	0.997749	0.000000
-7.984400	-2.856870	0.998104	-0.002076	-5.016309	0.998106	0.000000
-7.665940	-3.625720	0.998558	-0.002529	-4.696573	0.998561	0.000000
-7.273640	-4.359650	0.999091	-0.002886	-4.302701	0.999095	0.000000
-6.811290	-5.051600	0.999684	-0.003131	-3.838497	0.999689	0.000000
-6.283350	-5.694900	1.000313	-0.003256	-3.308441	1.000318	0.000000
-5.694900	-6.283350	1.000954	-0.003256	-2.717633	1.000960	0.000000
-5.051600	-6.811290	1.001583	-0.003131	-2.071754	1.001588	0.000000
-4.359650	-7.273640	1.002176	-0.002886	-1.377031	1.002180	0.000000
-3.625720	-7.665940	1.002709	-0.002529	-0.640159	1.002713	0.000000
-2.856860	-7.984400	1.003163	-0.002076	0.131782	1.003165	0.000000
-2.060500	-8.225980	1.003519	-0.001542	0.931334	1.003520	0.000000
-1.244290	-8.388330	1.003765	-0.000950	1.750816	1.003765	0.000000
-0.416099	-8.469900	1.003890	-0.000321	2.582326	1.003890	0.000000
0.416101	-8.469900	1.003890	0.000321	3.417862	1.003890	0.000000
1.244290	-8.388330	1.003765	0.000950	4.249370	1.003765	0.000000
2.060500	-8.225980	1.003519	0.001542	5.068852	1.003520	0.000000
2.856870	-7.984400	1.003163	0.002076	5.868414	1.003165	0.000000
3.625720	-7.665930	1.002709	0.002529	6.640345	1.002712	0.000000
4.359650	-7.273640	1.002176	0.002886	7.377217	1.002180	0.000000
5.051600	-6.811290	1.001583	0.003131	8.071941	1.001588	0.000000
5.694900	-6.283350	1.000954	0.003256	8.717819	1.000960	0.000000
6.283350	-5.694900	1.000313	0.003256	9.308628	1.000318	0.000000
6.811300	-5.051600	0.999684	0.003131	9.838694	0.999689	0.000000
7.273640	-4.359650	0.999091	0.002886	10.302887	0.999095	0.000000
7.665940	-3.625720	0.998558	0.002529	10.696759	0.998561	0.000000
7.984400	-2.856860	0.998104	0.002076	11.016496	0.998106	0.000000
8.225980	-2.060500	0.997748	0.001542	11.259044	0.997749	0.000000
8.388330	-1.244290	0.997502	0.000950	11.422045	0.997503	0.000000
8.469900	-0.416098	0.997377	0.000321	11.503942	0.997377	0.000000
11.263100	0.000000	0.998779	-0.000000	14.291869	0.998779	0.000000
11.208800	1.103970	0.998815	-0.000362	14.237431	0.998815	0.000000
11.046700	2.197320	0.998920	-0.000710	14.074918	0.998921	0.000000
10.778100	3.269500	0.999092	-0.001030	13.805635	0.999092	0.000000
10.405700	4.310190	0.999322	-0.001311	13.432287	0.999323	0.000000
9.933140	5.309380	0.999603	-0.001542	12.958523	0.999605	0.000000
9.364900	6.257430	0.999924	-0.001713	12.388837	0.999925	0.000000
8.706470	7.145220	1.000272	-0.001819	11.728730	1.000273	0.000000
7.964200	7.964200	1.000634	-0.001854	10.984570	1.000635	0.000000
7.145220	8.706470	1.000995	-0.001819	10.163505	1.000997	0.000000
6.257430	9.364900	1.001343	-0.001713	9.273455	1.001345	0.000000
5.309380	9.933140	1.001664	-0.001542	8.322991	1.001665	0.000000
4.310190	10.405700	1.001945	-0.001311	7.321257	1.001946	0.000000
3.269500	10.778100	1.002175	-0.001030	6.277917	1.002176	0.000000
2.197320	11.046700	1.002347	-0.000710	5.203008	1.002347	0.000000
1.103970	11.208800	1.002452	-0.000362	4.106874	1.002452	0.000000
-0.000000	11.263100	1.002488	0.000000	3.000093	1.002488	0.000000
-1.103970	11.208800	1.002452	0.000362	1.893312	1.002452	0.000000
-2.197320	11.046700	1.002347	0.000710	0.797179	1.002347	0.000000
-3.269500	10.778100	1.002175	0.001030	-0.277731	1.002176	0.000000
-4.310190	10.405700	1.001945	0.001311	-1.321071	1.001946	0.000000
-5.309380	9.933140	1.001664	0.001542	-2.322805	1.001665	0.000000
-6.257430	9.364900	1.001343	0.001713	-3.273269	1.001345	0.000000
-7.145220	8.706470	1.000995	0.001819	-4.163319	1.000997	0.000000
-7.964200	7.964200	1.000634	0.001854	-4.984384	1.000635	0.000000
-8.706470	7.145220	1.000272	0.001819	-5.728544	1.000273	0.000000
-9.364900	6.257430	0.999924	0.001713	-6.388650	0.999925	0.000000
-9.933150	5.309380	0.999603	0.001542	-6.958347	0.999605	0.000000
-10.405700	4.310190	0.999322	0.001311	-7.432100	0.999323	0.000000
-10.778100	3.269500	0.999092	0.001030	-7.805448	0.999092	0.000000
-11.046700	2.197320	0.998920	0.000710	-8.074732	0.998921	0.000000
-11.208800	1.103970	0.998815	0.000362	-8.237245	0.998815	0.000000
-11.263100	-0.000001	0.998779	-0.000000	-8.291683	0.998779	0.000000
-11.208800	-1.103980	0.998815	-0.000362	-8.237245	0.998815	0.000000
-11.046700	-2.197320	0.998920	-0.000710	-8.074732	0.998921	0.000000
-10.778100	-3.269500	0.999092	-0.001030	-7.805448	0.999092	0.000000
-10.405700	-4.310190	0.999322	-0.001311	-7.432100	0.999323	0.000000
-9.933140	-5.309380	0.999603	-0.001542	-6.958337	0.999605	0.000000
-9.364900	-6.257430	0.999924	-0.001713	-6.388650	0.999925	0.000000
-8.706470	-7.145220	1.000272	-0.001819	-5.728544	1.000273	0.000000
-7.964200	-7.964200	1.000634	-0.001854	-4.984384	1.000635	0.000000
-7.145220	-8.706480	1.000995	-0.001819	-4.163319	1.000997	0.000000
-6.257430	-9.364900	1.001343	-0.001713	-3.273269	1.001345	0.000000
-5.309380	-9.933150	1.001664	-0.001542	-2.322805	1.001665	0.000000
-4.310190	-10.405700	1.001945	-0.001311	-1.321071	1.001946	0.000000
-3.269500	-10.778100	1.002175	-0.001030	-0.277731	1.002176	0.000000
-2.197320	-11.046700	1.002347	-0.000710	0.797179	1.002347	0.000000
-1.103970	-11.208800	1.002452	-0.000362	1.893312	1.002452	0.000000
0.000001	-11.263100	1.002488	0.000000	3.000095	1.002488	0.000000
1.103980	-11.208800	1.002452	0.000362	4.106884	1.002452	0.000000
2.197320	-11.046700	1.002347	0.000710	5.203008	1.002347	0.000000
3.269500	-10.778100	1.002175	0.001030	6.277917	1.002176	0.000000
4.310190	-10.405700	1.001945	0.001311	7.321257	1.001946	0.000000
5.309380	-9.933140	1.001664	0.001542	8.322991	1.001665	0.000000
6.257430	-9.364900	1.001343	0.001713	9.273455	1.001345	0.000000
7.145220	-8.706470	1.000995	0.001819	10.163505	1.000997	0.000000
7.964200	-7.964200	1.000634	0.001854	10.984570	1.000635	0.000000
8.706480	-7.145220	1.000272	0.001819	11.728740	1.000273	0.000000
9.364910	-6.257430	0.999924	0.001713	12.388847	0.999925	0.000000
9.933150	-5.309370	0.999603	0.001542	12.958533	0.999605	0.000000
10.405700	-4.310190	0.999322	0.001311	13.432287	0.999323	0.000000
10.778100	-3.269500	0.999092	0.001030	13.805635	0.999092	0.000000
11.046700	-2.197310	0.998920	0.000710	14.074918	0.998921	0.000000
11.208800	-1.103970	0.998815	0.000362	14.237431	0.998815	0.000000
14.977100	0.735778	0.999593	-0.000103	18.002839	0.999593	0.000000
14.832900	2.200250	0.999633	-0.000304	17.858392	0.999633	0.000000
14.545800	3.643530	0.999711	-0.000493	17.570800	0.999711	0.000000
14.118600	5.051720	0.999825	-0.000664	17.142869	0.999825	0.000000
13.555500	6.411260	0.999970	-0.000809	16.578804	0.999970	0.000000
12.861800	7.709050	1.000141	-0.000922	15.883917	1.000141	0.000000
12.044200	8.932610	1.000330	-0.001001	15.064917	1.000330	0.000000
11.110700	10.070100	1.000531	-0.001041	14.129818	1.000532	0.000000
10.070100	11.110700	1.000736	-0.001041	13.087436	1.000737	0.000000
8.932610	12.044200	1.000937	-0.001001	11.947999	1.000938	0.000000
7.709050	12.861800	1.001127	-0.000922	10.722343	1.001127	0.000000
6.411260	13.555500	1.001297	-0.000809	9.422331	1.001297	0.000000
5.051720	14.118600	1.001442	-0.000664	8.060463	1.001442	0.000000
3.643530	14.545800	1.001556	-0.000493	6.649862	1.001556	0.000000
2.200250	14.832900	1.001634	-0.000304	5.204111	1.001635	0.000000
0.735777	14.977100	1.001674	-0.000103	3.737130	1.001674	0.000000
-0.735778	14.977100	1.001674	0.000103	2.263055	1.001674	0.000000
-2.200250	14.832900	1.001634	0.000304	0.796076	1.001635	0.000000
-3.643530	14.545800	1.001556	0.000493	-0.649676	1.001556	0.000000
-5.051720	14.118600	1.001442	0.000664	-2.060277	1.001442	0.000000
-6.411260	13.555500	1.001297	0.000809	-3.422145	1.001297	0.000000
-7.709050	12.861800	1.001127	0.000922	-4.722157	1.001127	0.000000
-8.932610	12.044200	1.000937	0.001001	-5.947812	1.000938	0.000000
-10.070100	11.110700	1.000736	0.001041	-7.087250	1.000737	0.000000
-11.110700	10.070100	1.000531	0.001041	-8.129632	1.000532	0.000000
-12.044200	8.932610	1.000330	0.001001	-9.064731	1.000330	0.000000
-12.861800	7.709050	1.000141	0.000922	-9.883730	1.000141	0.000000
-13.555500	6.411260	0.999970	0.000809	-10.578618	0.999970	0.000000
-14.118600	5.051720	0.999825	0.000664	-11.142683	0.999825	0.000000
-14.545800	3.643530	0.999711	0.000493	-11.570614	0.999711	0.000000
-14.832900	2.200250	0.999633	0.000304	-11.858206	0.999633	0.000000
-14.977100	0.735776	0.999593	0.000103	-12.002653	0.999593	0.000000
-14.977100	-0.735779	0.999593	-0.000103	-12.002653	0.999593	0.000000
-14.832900	-2.200250	0.999633	-0.000304	-11.858206	0.999633	0.000000
-14.545800	-3.643530	0.999711	-0.000493	-11.570614	0.999711	0.000000
-14.118600	-5.051720	0.999825	-0.000664	-11.142683	0.999825	0.000000
-13.555500	-6.411260	0.999970	-0.000809	-10.578618	0.999970	0.000000
-12.861800	-7.709050	1.000141	-0.000922	-9.883730	1.000141	0.000000
-12.044200	-8.932610	1.000330	-0.001001	-9.064731	1.000330	0.000000
-11.110700	-10.070100	1.000531	-0.001041	-8.129632	1.000532	0.000000
-10.070100	-11.110700	1.000736	-0.001041	-7.087250	1.000737	0.000000
-8.932600	-12.044200	1.000937	-0.001001	-5.947802	1.000938	0.000000
-7.709050	-12.861800	1.001127	-0.000922	-4.722157	1.001127	0.000000
-6.411260	-13.555500	1.001297	-0.000809	-3.422145	1.001297	0.000000
-5.051720	-14.118600	1.001442	-0.000664	-2.060277	1.001442	0.000000
-3.643520	-14.545800	1.001556	-0.000493	-0.649666	1.001556	0.000000
-2.200240	-14.832900	1.001634	-0.000304	0.796086	1.001635	0.000000
-0.735776	-14.977100	1.001674	-0.000103	2.263057	1.001674	0.000000
0.735780	-14.977100	1.001674	0.000103	3.737133	1.001674	0.000000
2.200250	-14.832900	1.001634	0.000304	5.204111	1.001635	0.000000
3.643530	-14.545800	1.001556	0.000493	6.649862	1.001556	0.000000
5.051720	-14.118600	1.001442	0.000664	8.060463	1.001442	0.000000
6.411260	-13.555500	1.001297	0.000809	9.422331	1.001297	0.000000
7.709050	-12.861800	1.001127	0.000922	10.722343	1.001127	0.000000
8.932610	-12.044200	1.000937	0.001001	11.947999	1.000938	0.000000
10.070100	-11.110700	1.000736	0.001041	13.087436	1.000737	0.000000
11.110700	-10.070100	1.000531	0.001041	14.129818	1.000532	0.000000
12.044200	-8.932600	1.000330	0.001001	15.064917	1.000330	0.000000
12.861800	-7.709050	1.000141	0.000922	15.883917	1.000141	0.000000
13.555500	-6.411250	0.999970	0.000809	16.578804	0.999970	0.000000
14.118600	-5.051710	0.999825	0.000664	17.142869	0.999825	0.000000
14.545800	-3.643520	0.999711	0.000493	17.570800	0.999711	0.000000
14.832900	-2.200240	0.999633	0.000304	17.858392	0.999633	0.000000
14.977100	-0.735775	0.999593	0.000103	18.002839	0.999593	0.000000
20.000100	0.000000	0.999824	-0.000000	23.024991	0.999824	0.000000
19.903800	1.960350	0.999839	-0.000151	22.928571	0.999839	0.000000
19.615800	3.901820	0.999883	-0.000295	22.640214	0.999883	0.000000
19.138900	5.805710	0.999954	-0.000429	22.162723	0.999954	0.000000
18.477700	7.653700	1.000050	-0.000546	21.500703	1.000050	0.000000
17.638500	9.427970	1.000167	-0.000642	20.660463	1.000167	0.000000
16.629500	11.111400	1.000300	-0.000713	19.650212	1.000300	0.000000
15.460300	12.687900	1.000445	-0.000757	18.479562	1.000445	0.000000
14.142200	14.142200	1.000595	-0.000772	17.159828	1.000596	0.000000
12.687900	15.460300	1.000746	-0.000757	15.703725	1.000746	0.000000
11.111400	16.629500	1.000891	-0.000713	14.125270	1.000891	0.000000
9.427970	17.638500	1.001024	-0.000642	12.439753	1.001024	0.000000
7.653700	18.477700	1.001141	-0.000546	10.663283	1.001141	0.000000
5.805710	19.138900	1.001237	-0.000429	8.813001	1.001237	0.000000
3.901820	19.615800	1.001308	-0.000295	6.906751	1.001308	0.000000
1.960350	19.903800	1.001352	-0.000151	4.962874	1.001352	0.000000
-0.000001	20.000100	1.001367	-0.000000	3.000092	1.001367	0.000000
-1.960350	19.903800	1.001352	0.000151	1.037312	1.001352	0.000000
-3.901820	19.615800	1.001308	0.000295	-0.906565	1.001308	0.000000
-5.805720	19.138900	1.001237	0.000429	-2.812825	1.001237	0.000000
-7.653700	18.477700	1.001141	0.000546	-4.663097	1.001141	0.000000
-9.427970	17.638500	1.001024	0.000642	-6.439566	1.001024	0.000000
-11.111400	16.629500	1.000891	0.000713	-8.125084	1.000891	0.000000
-12.687900	15.460300	1.000746	0.000757	-9.703538	1.000746	0.000000
-14.142200	14.142200	1.000595	0.000772	-11.159642	1.000596	0.000000
-15.460300	12.687900	1.000445	0.000757	-12.479376	1.000445	0.000000
-16.629500	11.111400	1.000300	0.000713	-13.650026	1.000300	0.000000
-17.638500	9.427970	1.000167	0.000642	-14.660277	1.000167	0.000000
-18.477700	7.653690	1.000050	0.000546	-15.500517	1.000050	0.000000
-19.138900	5.805710	0.999954	0.000429	-16.162537	0.999954	0.000000
-19.615800	3.901820	0.999883	0.000295	-16.640028	0.999883	0.000000
-19.903800	1.960350	0.999839	0.000151	-16.928385	0.999839	0.000000
-20.000100	-0.000002	0.999824	-0.000000	-17.024805	0.999824	0.000000
-19.903800	-1.960350	0.999839	-0.000151	-16.928385	0.999839	0.000000
-19.615800	-3.901820	0.999883	-0.000295	-16.640028	0.999883	0.000000
-19.138900	-5.805720	0.999954	-0.000429	-16.162537	0.999954	0.000000
-18.477700	-7.653700	1.000050	-0.000546	-15.500517	1.000050	0.000000
-17.638500	-9.427970	1.000167	-0.000642	-14.660277	1.000167	0.000000
-16.629500	-11.111400	1.000300	-0.000713	-13.650026	1.000300	0.000000
-15.460300	-12.687900	1.000445	-0.000757	-12.479376	1.000445	0.000000
-14.142200	-14.142200	1.000595	-0.000772	-11.159642	1.000596	0.000000
-12.687900	-15.460300	1.000746	-0.000757	-9.703538	1.000746	0.000000
-11.111400	-16.629500	1.000891	-0.000713	-8.125084	1.000891	0.000000
-9.427970	-17.638500	1.001024	-0.000642	-6.439566	1.001024	0.000000
-7.653690	-18.477700	1.001141	-0.000546	-4.663087	1.001141	0.000000
-5.805710	-19.138900	1.001237	-0.000429	-2.812815	1.001237	0.000000
-3.901820	-19.615800	1.001308	-0.000295	-0.906565	1.001308	0.000000
-1.960350	-19.903800	1.001352	-0.000151	1.037312	1.001352	0.000000
0.000003	-20.000100	1.001367	0.000000	3.000096	1.001367	0.000000
1.960350	-19.903800	1.001352	0.000151	4.962874	1.001352	0.000000
3.901820	-19.615800	1.001308	0.000295	6.906751	1.001308	0.000000
5.805720	-19.138900	1.001237	0.000429	8.813011	1.001237	0.000000
7.653700	-18.477700	1.001141	0.000546	10.663283	1.001141	0.000000
9.427970	-17.638500	1.001024	0.000642	12.439753	1.001024	0.000000
11.111400	-16.629500	1.000891	0.000713	14.125270	1.000891	0.000000
12.687900	-15.460300	1.000746	0.000757	15.703725	1.000746	0.000000
14.142200	-14.142200	1.000595	0.000772	17.159828	1.000596	0.000000
15.460300	-12.687900	1.000445	0.000757	18.479562	1.000445	0.000000
16.629500	-11.111400	1.000300	0.000713	19.650212	1.000300	0.000000
17.638500	-9.427970	1.000167	0.000642	20.660463	1.000167	0.000000
18.477700	-7.653690	1.000050	0.000546	21.500703	1.000050	0.000000
19.138900	-5.805710	0.999954	0.000429	22.162723	0.999954	0.000000
19.615800	-3.901820	0.999883	0.000295	22.640214	0.999883	0.000000
19.903800	-1.960350	0.999839	0.000151	22.928571	0.999839	0.000000
1	65	2
1	128	65
2	66	3
2	65	66
3	67	4
3	66	67
4	68	5
4	67	68
5	69	6
5	68	69
6	70	7
6	69	70
7	71	8
7	70	71
8	72	9
8	71	72
9	73	10
9	72	73
10	74	11
10	73	74
11	75	12
11	74	75
12	76	13
12	75	76
13	77	14
13	76	77
14	78	15
14	77	78
15	79	16
15	78	79
16	80	17
16	79	80
17	81	18
17	80	81
18	82	19
18	81	82
19	83	20
19	82	83
20	84	21
20	83	84
21	85	22
21	84	85
22	86	23
22	85	86
23	87	24
23	86	87
24	88	25
24	87	88
25	89	26
25	88	89
26	90	27
26	89	90
27	91	28
27	90	91
28	92	29
28	91	92
29	93	30
29	92	93
30	94	31
30	93	94
31	95	32
31	94	95
32	96	33
32	95	96
33	97	34
33	96	97
34	98	35
34	97	98
35	99	36
35	98	99
36	100	37
36	99	100
37	101	38
37	100	101
38	102	39
38	101	102
39	103	40
39	102	103
40	104	41
40	103	104
41	105	42
41	104	105
42	106	43
42	105	106
43	107	44
43	106	107
44	108	45
44	107	108
45	109	46
45	108	109
46	110	47
46	109	110
47	111	48
47	110	111
48	112	49
48	111	112
49	113	50
49	112	113
50	114	51
50	113	114
51	115	52
51	114	115
52	116	53
52	115	116
53	117	54
53	116	117
54	118	55
54	117	118
55	119	56
55	118	119
56	120	57
56	119	120
57	121	58
57	120	121
58	122	59
58	121	122
59	123	60
59	122	123
60	124	61
60	123	124
61	125	62
61	124	125
62	126	63
62	125	126
63	127	64
63	126	127
64	128	1
64	127	128
65	129	130
65	128	129
66	130	131
66	65	130
67	131	132
67	66	131
68	132	133
68	67	132
69	133	134
69	68	133
70	134	135
70	69	134
71	135	136
71	70	135
72	136	137
72	71	136
73	137	138
73	72	137
74	138	139
74	73	138
75	139	140
75	74	139
76	140	141
76	75	140
77	141	142
77	76	141
78	142	143
78	77	142
79	143	144
79	78	143
80	144	145
80	79	144
81	145	146
81	80	145
82	146	147
82	81	146
83	147	148
83	82	147
84	148	149
84	83	148
85	149	150
85	84	149
86	150	151
86	85	150
87	151	152
87	86	151
88	152	153
88	87	152
89	153	154
89	88	153
90	154	155
90	89	154
91	155	156
91	90	155
92	156	157
92	91	156
93	157	158
93	92	157
94	158	159
94	93	158
95	159	160
95	94	159
96	160	161
96	95	160
97	161	162
97	96	161
98	162	163
98	97	162
99	163	164
99	98	163
100	164	165
100	99	164
101	165	166
101	100	165
102	166	167
102	101	166
103	167	168
103	102	167
104	168	169
104	103	168
105	169	170
105	104	169
106	170	171
106	105	170
107	171	172
107	106	171
108	172	173
108	107	172
109	173	174
109	108	173
110	174	175
110	109	174
111	175	176
111	110	175
112	176	177
112	111	176
113	177	178
113	112	177
114	178	179
114	113	178
115	179	180
115	114	179
116	180	181
116	115	180
117	181	182
117	116	181
118	182	183
118	117	182
119	183	184
119	118	183
120	184	185
120	119	184
121	185	186
121	120	185
122	186	187
122	121	186
123	187	188
123	122	187
124	188	189
124	123	188
125	189	190
125	124	189
126	190	191
126	125	190
127	191	192
127	126	191
128	192	129
128	127	192
129	193	130
129	256	193
130	194	131
130	193	194
131	195	132
131	194	195
132	196	133
132	195	196
133	197	134
133	196	197
134	198	135
134	197	198
135	199	136
135	198	199
136	200	137
136	199	200
137	201	138
137	200	201
138	202	139
138	201	202
139	203	140
139	202	203
140	204	141
140	203	204
141	205	142
141	204	205
142	206	143
142	205	206
143	207	144
143	206	207
144	208	145
144	207	208
145	209	146
145	208	209
146	210	147
146	209	210
147	211	148
147	210	211
148	212	149
148	211	212
149	213	150
149	212	213
150	214	151
150	213	214
151	215	152
151	214	215
152	216	153
152	215	216
153	217	154
153	216	217
154	218	155
154	217	218
155	219	156
155	218	219
156	220	157
156	219	220
157	221	158
157	220	221
158	222	159
158	221	222
159	223	160
159	222	223
160	224	161
160	223	224
161	225	162
161	224	225
162	226	163
162	225	226
163	227	164
163	226	227
164	228	165
164	227	228
165	229	166
165	228	229
166	230	167
166	229	230
167	231	168
167	230	231
168	232	169
168	231	232
169	233	170
169	232	233
170	234	171
170	233	234
171	235	172
171	234	235
172	236	173
172	235	236
173	237	174
173	236	237
174	238	175
174	237	238
175	239	176
175	238	239
176	240	177
176	239	240
177	241	178
177	240	241
178	242	179
178	241	242
179	243	180
179	242	243
180	244	181
180	243	244
181	245	182
181	244	245
182	246	183
182	245	246
183	247	184
183	246	247
184	248	185
184	247	248
185	249	186
185	248	249
186	250	187
186	249	250
187	251	188
187	250	251
188	252	189
188	251	252
189	253	190
189	252	253
190	254	191
190	253	254
191	255	192
191	254	255
192	256	129
192	255	256
193	257	258
193	256	257
194	258	259
194	193	258
195	259	260
195	194	259
196	260	261
196	195	260
197	261	262
197	196	261
198	262	263
198	197	262
199	263	264
199	198	263
200	264	265
200	199	264
201	265	266
201	200	265
202	266	267
202	201	266
203	267	268
203	202	267
204	268	269
204	203	268
205	269	270
205	204	269
206	270	271
206	205	270
207	271	272
207	206	271
208	272	273
208	207	272
209	273	274
209	208	273
210	274	275
210	209	274
211	275	276
211	210	275
212	276	277
212	211	276
213	277	278
213	212	277
214	278	279
214	213	278
215	279	280
215	214	279
216	280	281
216	215	280
217	281	282
217	216	281
218	282	283
218	217	282
219	283	284
219	218	283
220	284	285
220	219	284
221	285	286
221	220	285
222	286	287
222	221	286
223	287	288
223	222	287
224	288	289
224	223	288
225	289	290
225	224	289
226	290	291
226	225	290
227	291	292
227	226	291
228	292	293
228	227	292
229	293	294
229	228	293
230	294	295
230	229	294
231	295	296
231	230	295
232	296	297
232	231	296
233	297	298
233	232	297
234	298	299
234	233	298
235	299	300
235	234	299
236	300	301
236	235	300
237	301	302
237	236	301
238	302	303
238	237	302
239	303	304
239	238	303
240	304	305
240	239	304
241	305	306
241	240	305
242	306	307
242	241	306
243	307	308
243	242	307
244	308	309
244	243	308
245	309	310
245	244	309
246	310	311
246	245	310
247	311	312
247	246	311
248	312	313
248	247	312
249	313	314
249	248	313
250	314	315
250	249	314
251	315	316
251	250	315
252	316	317
252	251	316
253	317	318
253	252	317
254	318	319
254	253	318
255	319	320
255	254	319
256	320	257
256	255	320
257	321	258
257	384	321
258	322	259
258	321	322
259	323	260
259	322	323
260	324	261
260	323	324
261	325	262
261	324	325
262	326	263
262	325	326
263	327	264
263	326	327
264	328	265
264	327	328
265	329	266
265	328	329
266	330	267
266	329	330
267	331	268
267	330	331
268	332	269
268	331	332
269	333	270
269	332	333
270	334	271
270	333	334
271	335	272
271	334	335
272	336	273
272	335	336
273	337	274
273	336	337
274	338	275
274	337	338
275	339	276
275	338	339
276	340	277
276	339	340
277	341	278
277	340	341
278	342	279
278	341	342
279	343	280
279	342	343
280	344	281
280	343	344
281	345	282
281	344	345
282	346	283
282	345	346
283	347	284
283	346	347
284	348	285
284	347	348
285	349	286
285	348	349
286	350	287
286	349	350
287	351	288
287	350	351
288	352	289
288	351	352
289	353	290
289	352	353
290	354	291
290	353	354
291	355	292
291	354	355
292	356	293
292	355	356
293	357	294
293	356	357
294	358	295
294	357	358
295	359	296
295	358	359
296	360	297
296	359	360
297	361	298
297	360	361
298	362	299
298	361	362
299	363	300
299	362	363
300	364	301
300	363	364
301	365	302
301	364	365
302	366	303
302	365	366
303	367	304
303	366	367
304	368	305
304	367	368
305	369	306
305	368	369
306	370	307
306	369	370
307	371	308
307	370	371
308	372	309
308	371	372
309	373	310
309	372	373
310	374	311
310	373	374
311	375	312
311	374	375
312	376	313
312	375	376
313	377	314
313	376	377
314	378	315
314	377	378
315	379	316
315	378	379
316	380	317
316	379	380
317	381	318
317	380	381
318	382	319
318	381	382
319	383	320
319	382	383
320	384	257
320	383	384
321	385	386
321	384	385
322	386	387
322	321	386
323	387	388
323	322	387
324	388	389
324	323	388
325	389	390
325	324	389
326	390	391
326	325	390
327	391	392
327	326	391
328	392	393
328	327	392
329	393	394
329	328	393
330	394	395
330	329	394
331	395	396
331	330	395
332	396	397
332	331	396
333	397	398
333	332	397
334	398	399
334	333	398
335	399	400
335	334	399
336	400	401
336	335	400
337	401	402
337	336	401
338	402	403
338	337	402
339	403	404
339	338	403
340	404	405
340	339	404
341	405	406
341	340	405
342	406	407
342	341	406
343	407	408
343	342	407
344	408	409
344	343	408
345	409	410
345	344	409
346	410	411
346	345	410
347	411	412
347	346	411
348	412	413
348	347	412
349	413	414
349	348	413
350	414	415
350	349	414
351	415	416
351	350	415
352	416	417
352	351	416
353	417	418
353	352	417
354	418	419
354	353	418
355	419	420
355	354	419
356	420	421
356	355	420
357	421	422
357	356	421
358	422	423
358	357	422
359	423	424
359	358	423
360	424	425
360	359	424
361	425	426
361	360	425
362	426	427
362	361	426
363	427	428
363	362	427
364	428	429
364	363	428
365	429	430
365	364	429
366	430	431
366	365	430
367	431	432
367	366	431
368	432	433
368	367	432
369	433	434
369	368	433
370	434	435
370	369	434
371	435	436
371	370	435
372	436	437
372	371	436
373	437	438
373	372	437
374	438	439
374	373	438
375	439	440
375	374	439
376	440	441
376	375	440
377	441	442
377	376	441
378	442	443
378	377	442
379	443	444
379	378	443
380	444	445
380	379	444
381	445	446
381	380	445
382	446	447
382	381	446
383	447	448
383	382	447
384	448	385
384	383	448
385	449	386
385	512	449
386	450	387
386	449	450
387	451	388
387	450	451
388	452	389
388	451	452
389	453	390
389	452	453
390	454	391
390	453	454
391	455	392
391	454	455
392	456	393
392	455	456
393	457	394
393	456	457
394	458	395
394	457	458
395	459	396
395	458	459
396	460	397
396	459	460
397	461	398
397	460	461
398	462	399
398	461	462
399	463	400
399	462	463
400	464	401
400	463	464
401	465	402
401	464	465
402	466	403
402	465	466
403	467	404
403	466	467
404	468	405
404	467	468
405	469	406
405	468	469
406	470	407
406	469	470
407	471	408
407	470	471
408	472	409
408	471	472
409	473	410
409	472	473
410	474	411
410	473	474
411	475	412
411	474	475
412	476	413
412	475	476
413	477	414
413	476	477
414	478	415
414	477	478
415	479	416
415	478	479
416	480	417
416	479	480
417	481	418
417	480	481
418	482	419
418	481	482
419	483	420
419	482	483
420	484	421
420	483	484
421	485	422
421	484	485
422	486	423
422	485	486
423	487	424
423	486	487
424	488	425
424	487	488
425	489	426
425	488	489
426	490	427
426	489	490
427	491	428
427	490	491
428	492	429
428	491	492
429	493	430
429	492	493
430	494	431
430	493	494
431	495	432
431	494	495
432	496	433
432	495	496
433	497	434
433	496	497
434	498	435
434	497	498
435	499	436
435	498	499
436	500	437
436	499	500
437	501	438
437	500	501
438	502	439
438	501	502
439	503	440
439	502	503
440	504	441
440	503	504
441	505	442
441	504	505
442	506	443
442	505	506
443	507	444
443	506	507
444	508	445
444	507	508
445	509	446
445	508	509
446	510	447
446	509	510
447	511	448
447	510	511
448	512	385
448	511	512
449	513	514
449	512	513
450	514	515
450	449	514
451	515	516
451	450	515
452	516	517
452	451	516
453	517	518
453	452	517
454	518	519
454	453	518
455	519	520
455	454	519
456	520	521
456	455	520
457	521	522
457	456	521
458	522	523
458	457	522
459	523	524
459	458	523
460	524	525
460	459	524
461	525	526
461	460	525
462	526	527
462	461	526
463	527	528
463	462	527
464	528	529
464	463	528
465	529	530
465	464	529
466	530	531
466	465	530
467	531	532
467	466	531
468	532	533
468	467	532
469	533	534
469	468	533
470	534	535
470	469	534
471	535	536
471	470	535
472	536	537
472	471	536
473	537	538
473	472	537
474	538	539
474	473	538
475	539	540
475	474	539
476	540	541
476	475	540
477	541	542
477	476	541
478	542	543
478	477	542
479	543	544
479	478	543
480	544	545
480	479	544
481	545	546
481	480	545
482	546	547
482	481	546
483	547	548
483	482	547
484	548	549
484	483	548
485	549	550
485	484	549
486	550	551
486	485	550
487	551	552
487	486	551
488	552	553
488	487	552
489	553	554
489	488	553
490	554	555
490	489	554
491	555	556
491	490	555
492	556	557
492	491	556
493	557	558
493	492	557
494	558	559
494	493	558
495	559	560
495	494	559
496	560	561
496	495	560
497	561	562
497	496	561
498	562	563
498	497	562
499	563	564
499	498	563
500	564	565
500	499	564
501	565	566
501	500	565
502	566	567
502	501	566
503	567	568
503	502	567
504	568	569
504	503	568
505	569	570
505	504	569
506	570	571
506	505	570
507	571	572
507	506	571
508	572	573
508	507	572
509	573	574
509	508	573
510	574	575
510	509	574
511	575	576
511	510	575
512	576	513
512	511	576
513	577	514
513	640	577
514	578	515
514	577	578
515	579	516
515	578	579
516	580	517
516	579	580
517	581	518
517	580	581
518	582	519
518	581	582
519	583	520
519	582	583
520	584	521
520	583	584
521	585	522
521	584	585
522	586	523
522	585	586
523	587	524
523	586	587
524	588	525
524	587	588
525	589	526
525	588	589
526	590	527
526	589	590
527	591	528
527	590	591
528	592	529
528	591	592
529	593	530
529	592	593
530	594	531
530	593	594
531	595	532
531	594	595
532	596	533
532	595	596
533	597	534
533	596	597
534	598	535
534	597	598
535	599	536
535	598	599
536	600	537
536	599	600
537	601	538
537	600	601
538	602	539
538	601	602
539	603	540
539	602	603
540	604	541
540	603	604
541	605	542
541	604	605
542	606	543
542	605	606
543	607	544
543	606	607
544	608	545
544	607	608
545	609	546
545	608	609
546	610	547
546	609	610
547	611	548
547	610	611
548	612	549
548	611	612
549	613	550
549	612	613
550	614	551
550	613	614
551	615	552
551	614	615
552	616	553
552	615	616
553	617	554
553	616	617
554	618	555
554	617	618
555	619	556
555	618	619
556	620	557
556	619	620
557	621	558
557	620	621
558	622	559
558	621	622
559	623	560
559	622	623
560	624	561
560	623	624
561	625	562
561	624	625
562	626	563
562	625	626
563	627	564
563	626	627
564	628	565
564	627	628
565	629	566
565	628	629
566	630	567
566	629	630
567	631	568
567	630	631
568	632	569
568	631	632
569	633	570
569	632	633
570	634	571
570	633	634
571	635	572
571	634	635
572	636	573
572	635	636
573	637	574
573	636	637
574	638	575
574	637	638
575	639	576
575	638	639
576	640	513
576	639	640
577	641	642
577	640	641
578	642	643
578	577	642
579	643	644
579	578	643
580	644	645
580	579	644
581	645	646
581	580	645
582	646	647
582	581	646
583	647	648
583	582	647
584	648	649
584	583	648
585	649	650
585	584	649
586	650	651
586	585	650
587	651	652
587	586	651
588	652	653
588	587	652
589	653	654
589	588	653
590	654	655
590	589	654
591	655	656
591	590	655
592	656	657
592	591	656
593	657	658
593	592	657
594	658	659
594	593	658
595	659	660
595	594	659
596	660	661
596	595	660
597	661	662
597	596	661
598	662	663
598	597	662
599	663	664
599	598	663
600	664	665
600	599	664
601	665	666
601	600	665
602	666	667
602	601	666
603	667	668
603	602	667
604	668	669
604	603	668
605	669	670
605	604	669
606	670	671
606	605	670
607	671	672
607	606	671
608	672	673
608	607	672
609	673	674
609	608	673
610	674	675
610	609	674
611	675	676
611	610	675
612	676	677
612	611	676
613	677	678
613	612	677
614	678	679
614	613	678
615	679	680
615	614	679
616	680	681
616	615	680
617	681	682
617	616	681
618	682	683
618	617	682
619	683	684
619	618	683
620	684	685
620	619	684
621	685	686
621	620	685
622	686	687
622	621	686
623	687	688
623	622	687
624	688	689
624	623	688
625	689	690
625	624	689
626	690	691
626	625	690
627	691	692
627	626	691
628	692	693
628	627	692
629	693	694
629	628	693
630	694	695
630	629	694
631	695	696
631	630	695
632	696	697
632	631	696
633	697	698
633	632	697
634	698	699
634	633	698
635	699	700
635	634	699
636	700	701
636	635	700
637	701	702
637	636	701
638	702	703
638	637	702
639	703	704
639	638	703
640	704	641
640	639	704
641	705	642
641	768	705
642	706	643
642	705	706
643	707	644
643	706	707
644	708	645
644	707	708
645	709	646
645	708	709
646	710	647
646	709	710
647	711	648
647	710	711
648	712	649
648	711	712
649	713	650
649	712	713
650	714	651
650	713	714
651	715	652
651	714	715
652	716	653
652	715	716
653	717	654
653	716	717
654	718	655
654	717	718
655	719	656
655	718	719
656	720	657
656	719	720
657	721	658
657	720	721
658	722	659
658	721	722
659	723	660
659	722	723
660	724	661
660	723	724
661	725	662
661	724	725
662	726	663
662	725	726
663	727	664
663	726	727
664	728	665
664	727	728
665	729	666
665	728	729
666	730	667
666	729	730
667	731	668
667	730	731
668	732	669
668	731	732
669	733	670
669	732	733
670	734	671
670	733	734
671	735	672
671	734	735
672	736	673
672	735	736
673	737	674
673	736	737
674	738	675
674	737	738
675	739	676
675	738	739
676	740	677
676	739	740
677	741	678
677	740	741
678	742	679
678	741	742
679	743	680
679	742	743
680	744	681
680	743	744
681	745	682
681	744	745
682	746	683
682	745	746
683	747	684
683	746	747
684	748	685
684	747	748
685	749	686
685	748	749
686	750	687
686	749	750
687	751	688
687	750	751
688	752	689
688	751	752
689	753	690
689	752	753
690	754	691
690	753	754
691	755	692
691	754	755
692	756	693
692	755	756
693	757	694
693	756	757
694	758	695
694	757	758
695	759	696
695	758	759
696	760	697
696	759	760
697	761	698
697	760	761
698	762	699
698	761	762
699	763	700
699	762	763
700	764	701
700	763	764
701	765	702
701	764	765
702	766	703
702	765	766
703	767	704
703	766	767
704	768	641
704	767	768
705	769	770
705	768	769
706	770	771
706	705	770
707	771	772
707	706	771
708	772	773
708	707	772
709	773	774
709	708	773
710	774	775
710	709	774
711	775	776
711	710	775
712	776	777
712	711	776
713	777	778
713	712	777
714	778	779
714	713	778
715	779	780
715	714	779
716	780	781
716	715	780
717	781	782
717	716	781
718	782	783
718	717	782
719	783	784
719	718	783
720	784	785
720	719	784
721	785	786
721	720	785
722	786	787
722	721	786
723	787	788
723	722	787
724	788	789
724	723	788
725	789	790
725	724	789
726	790	791
726	725	790
727	791	792
727	726	791
728	792	793
728	727	792
729	793	794
729	728	793
730	794	795
730	729	794
731	795	796
731	730	795
732	796	797
732	731	796
733	797	798
733	732	797
734	798	799
734	733	798
735	799	800
735	734	799
736	800	801
736	735	800
737	801	802
737	736	801
738	802	803
738	737	802
739	803	804
739	738	803
740	804	805
740	739	804
741	805	806
741	740	805
742	806	807
742	741	806
743	807	808
743	742	807
744	808	809
744	743	808
745	809	810
745	744	809
746	810	811
746	745	810
747	811	812
747	746	811
748	812	813
748	747	812
749	813	814
749	748	813
750	814	815
750	749	814
751	815	816
751	750	815
752	816	817
752	751	816
753	817	818
753	752	817
754	818	819
754	753	818
755	819	820
755	754	819
756	820	821
756	755	820
757	821	822
757	756	821
758	822	823
758	757	822
759	823	824
759	758	823
760	824	825
760	759	824
761	825	826
761	760	825
762	826	827
762	761	826
763	827	828
763	762	827
764	828	829
764	763	828
765	829	830
765	764	829
766	830	831
766	765	830
767	831	832
767	766	831
768	832	769
768	767	832
769	833	770
769	896	833
770	834	771
770	833	834
771	835	772
771	834	835
772	836	773
772	835	836
773	837	774
773	836	837
774	838	775
774	837	838
775	839	776
775	838	839
776	840	777
776	839	840
777	841	778
777	840	841
778	842	779
778	841	842
779	843	780
779	842	843
780	844	781
780	843	844
781	845	782
781	844	845
782	846	783
782	845	846
783	847	784
783	846	847
784	848	785
784	847	848
785	849	786
785	848	849
786	850	787
786	849	850
787	851	788
787	850	851
788	852	789
788	851	852
789	853	790
789	852	853
790	854	791
790	853	854
791	855	792
791	854	855
792	856	793
792	855	856
793	857	794
793	856	857
794	858	795
794	857	858
795	859	796
795	858	859
796	860	797
796	859	860
797	861	798
797	860	861
798	862	799
798	861	862
799	863	800
799	862	863
800	864	801
800	863	864
801	865	802
801	864	865
802	866	803
802	865	866
803	867	804
803	866	867
804	868	805
804	867	868
805	869	806
805	868	869
806	870	807
806	869	870
807	871	808
807	870	871
808	872	809
808	871	872
809	873	810
809	872	873
810	874	811
810	873	874
811	875	812
811	874	875
812	876	813
812	875	876
813	877	814
813	876	877
814	878	815
814	877	878
815	879	816
815	878	879
816	880	817
816	879	880
817	881	818
817	880	881
818	882	819
818	881	882
819	883	820
819	882	883
820	884	821
820	883	884
821	885	822
821	884	885
822	886	823
822	885	886
823	887	824
823	886	887
824	888	825
824	887	888
825	889	826
825	888	889
826	890	827
826	889	890
827	891	828
827	890	891
828	892	829
828	891	892
829	893	830
829	892	893
830	894	831
830	893	894
831	895	832
831	894	895
832	896	769
832	895	896
833	897	898
833	896	897
834	898	899
834	833	898
835	899	900
835	834	899
836	900	901
836	835	900
837	901	902
837	836	901
838	902	903
838	837	902
839	903	904
839	838	903
840	904	905
840	839	904
841	905	906
841	840	905
842	906	907
842	841	906
843	907	908
843	842	907
844	908	909
844	843	908
845	909	910
845	844	909
846	910	911
846	845	910
847	911	912
847	846	911
848	912	913
848	847	912
849	913	914
849	848	913
850	914	915
850	849	914
851	915	916
851	850	915
852	916	917
852	851	916
853	917	918
853	852	917
854	918	919
854	853	918
855	919	920
855	854	919
856	920	921
856	855	920
857	921	922
857	856	921
858	922	923
858	857	922
859	923	924
859	858	923
860	924	925
860	859	924
861	925	926
861	860	925
862	926	927
862	861	926
863	927	928
863	862	927
864	928	929
864	863	928
865	929	930
865	864	929
866	930	931
866	865	930
867	931	932
867	866	931
868	932	933
868	867	932
869	933	934
869	868	933
870	934	935
870	869	934
871	935	936
871	870	935
872	936	937
872	871	936
873	937	938
873	872	937
874	938	939
874	873	938
875	939	940
875	874	939
876	940	941
876	875	940
877	941	942
877	876	941
878	942	943
878	877	942
879	943	944
879	878	943
880	944	945
880	879	944
881	945	946
881	880	945
882	946	947
882	881	946
883	947	948
883	882	947
884	948	949
884	883	948
885	949	950
885	884	949
886	950	951
886	885	950
887	951	952
887	886	951
888	952	953
888	887	952
889	953	954
889	888	953
890	954	955
890	889	954
891	955	956
891	890	955
892	956	957
892	891	956
893	957	958
893	892	957
894	958	959
894	893	958
895	959	960
895	894	959
896	960	897
896	895	960
897	961	898
897	1024	961
898	962	899
898	961	962
899	963	900
899	962	963
900	964	901
900	963	964
901	965	902
901	964	965
902	966	903
902	965	966
903	967	904
903	966	967
904	968	905
904	967	968
905	969	906
905	968	969
906	970	907
906	969	970
907	971	908
907	970	971
908	972	909
908	971	972
909	973	910
909	972	973
910	974	911
910	973	974
911	975	912
911	974	975
912	976	913
912	975	976
913	977	914
913	976	977
914	978	915
914	977	978
915	979	916
915	978	979
916	980	917
916	979	980
917	981	918
917	980	981
918	982	919
918	981	982
919	983	920
919	982	983
920	984	921
920	983	984
921	985	922
921	984	985
922	986	923
922	985	986
923	987	924
923	986	987
924	988	925
924	987	988
925	989	926
925	988	989
926	990	927
926	989	990
927	991	928
927	990	991
928	992	929
928	991	992
929	993	930
929	992	993
930	994	931
930	993	994
931	995	932
931	994	995
932	996	933
932	995	996
933	997	934
933	996	997
934	998	935
934	997	998
935	999	936
935	998	999
936	1000	937
936	999	1000
937	1001	938
937	1000	1001
938	1002	939
938	1001	1002
939	1003	940
939	1002	1003
940	1004	941
940	1003	1004
941	1005	942
941	1004	1005
942	1006	943
942	1005	1006
943	1007	944
943	1006	1007
944	1008	945
944	1007	1008
945	1009	946
945	1008	1009
946	1010	947
946	1009	1010
947	1011	948
947	1010	1011
948	1012	949
948	1011	1012
949	1013	950
949	1012	1013
950	1014	951
950	1013	1014
951	1015	952
951	1014	1015
952	1016	953
952	1015	1016
953	1017	954
953	1016	1017
954	1018	955
954	1017	1018
955	1019	956
955	1018	1019
956	1020	957
956	1019	1020
957	1021	958
957	1020	1021
958	1022	959
958	1021	1022
959	1023	960
959	1022	1023
960	1024	897
960	1023	1024
961	1025	1026
961	1024	1025
962	1026	1027
962	961	1026
963	1027	1028
963	962	1027
964	1028	1029
964	963	1028
965	1029	1030
965	964	1029
966	1030	1031
966	965	1030
967	1031	1032
967	966	1031
968	1032	1033
968	967	1032
969	1033	1034
969	968	1033
970	1034	1035
970	969	1034
971	1035	1036
971	970	1035
972	1036	1037
972	971	1036
973	1037	1038
973	972	1037
974	1038	1039
974	973	1038
975	1039	1040
975	974	1039
976	1040	1041
976	975	1040
977	1041	1042
977	976	1041
978	1042	1043
978	977	1042
979	1043	1044
979	978	1043
980	1044	1045
980	979	1044
981	1045	1046
981	980	1045
982	1046	1047
982	981	1046
983	1047	1048
983	982	1047
984	1048	1049
984	983	1048
985	1049	1050
985	984	1049
986	1050	1051
986	985	1050
987	1051	1052
987	986	1051
988	1052	1053
988	987	1052
989	1053	1054
989	988	1053
990	1054	1055
990	989	1054
991	1055	1056
991	990	1055
992	1056	1057
992	991	1056
993	1057	1058
993	992	1057
994	1058	1059
994	993	1058
995	1059	1060
995	994	1059
996	1060	1061
996	995	1060
997	1061	1062
997	996	1061
998	1062	1063
998	997	1062
999	1063	1064
999	998	1063
1000	1064	1065
1000	999	1064
1001	1065	1066
1001	1000	1065
1002	1066	1067
1002	1001	1066
1003	1067	1068
1003	1002	1067
1004	1068	1069
1004	1003	1068
1005	1069	1070
1005	1004	1069
1006	1070	1071
1006	1005	1070
1007	1071	1072
1007	1006	1071
1008	1072	1073
1008	1007	1072
1009	1073	1074
1009	1008	1073
1010	1074	1075
1010	1009	1074
1011	1075	1076
1011	1010	1075
1012	1076	1077
1012	1011	1076
1013	1077	1078
1013	1012	1077
1014	1078	1079
1014	1013	1078
1015	1079	1080
1015	1014	1079
1016	1080	1081
1016	1015	1080
1017	1081	1082
1017	1016	1081
1018	1082	1083
1018	1017	1082
1019	1083	1084
1019	1018	1083
1020	1084	1085
1020	1019	1084
1021	1085	1086
1021	1020	1085
1022	1086	1087
1022	1021	1086
1023	1087	1088
1023	1022	1087
1024	1088	1025
1024	1023	1088
